right_j0,right_j1,right_j2,right_j3,right_j4,right_j5,right_j6
-0.372,-29.924,-16.068,1.068,2.356,0.232,0.032
-0.372,-29.924,-15.976,1.212,2.328,0.252,0.016
-0.264,-29.924,-15.884,1.164,2.336,0.24,0.032
-0.372,-29.868,-16.092,1.236,2.356,0.264,0.016
-0.264,-29.924,-16.048,1.188,2.34,0.252,0.044
-0.316,-29.924,-16.14,1.236,2.328,0.252,0.044
-0.372,-29.868,-16.048,1.188,2.368,0.252,0.012
-0.316,-29.98,-16.068,1.044,2.392,0.232,0.056
-0.316,-29.924,-16.068,1.164,2.368,0.252,0.024
-0.316,-29.924,-16.164,1.092,2.36,0.224,0.032
-0.264,-29.924,-16.14,1.14,2.328,0.24,0.032
-0.264,-29.868,-16.092,1.188,2.336,0.24,0.032
-0.264,-29.868,-16.068,1.116,2.368,0.26,0.036
-0.264,-29.868,-16.068,1.068,2.38,0.22,0.016
-0.316,-29.924,-15.976,1.164,2.328,0.244,0.036
-0.372,-29.924,-16.164,1.068,2.38,0.26,0.016
-0.264,-29.868,-16.092,1.14,2.328,0.244,-0.012
-0.264,-29.868,-16.068,1.14,2.38,0.244,0.032
-0.316,-29.924,-16.14,1.116,2.388,0.244,0.024
-0.264,-29.924,-16.14,1.14,2.348,0.24,-0.016
-0.052,-29.924,-16.116,0.0,2.484,0.272,0.016
-2.176,-30.908,-16.748,0.924,2.42,0.156,0.18
-1.22,-30.524,-15.3,0.356,2.288,0.332,0.148
-1.54,-31.564,-16.372,0.356,2.276,0.384,0.076
-1.592,-31.944,-15.416,-0.38,2.712,0.192,0.024
-0.9,-32.216,-15.604,-0.424,2.46,0.26,0.012
-1.86,-32.764,-15.276,-0.448,2.568,0.128,0.096
-1.06,-32.656,-15.672,-0.664,2.376,0.244,0.156
-0.9,-32.708,-16.048,-0.9,2.38,0.192,0.088
-1.22,-33.472,-16.0,-0.972,2.504,0.108,0.024
-1.008,-32.872,-15.624,-1.472,2.536,0.14,0.056
-1.432,-33.636,-15.744,-1.592,2.348,0.232,0.064
-1.432,-34.128,-15.696,-1.592,2.496,0.136,0.18
-1.06,-33.8,-15.3,-2.304,2.36,0.2,0.156
-0.9,-34.292,-15.3,-2.16,2.432,0.192,0.064
-1.38,-34.512,-15.368,-2.708,2.556,0.108,0.036
-0.956,-34.456,-14.6,-2.92,2.464,0.004,0.064
-1.38,-35.332,-14.296,-3.064,2.34,0.116,0.172
-1.54,-35.276,-14.528,-3.112,2.532,0.032,0.18
-1.06,-35.384,-14.272,-3.516,2.336,0.084,0.104
-1.328,-36.148,-14.784,-3.54,2.34,0.068,0.088
-1.54,-35.824,-14.716,-4.18,2.492,0.056,0.076
3.72,-34.076,-12.916,-1.52,1.448,0.492,0.104
-1.116,-36.968,-15.788,-3.564,2.772,0.096,0.068
0.212,-34.568,-13.944,-2.876,2.172,0.284,0.068
-0.956,-35.876,-14.76,-3.444,2.544,0.16,0.108
0.052,-34.728,-13.896,-4.04,2.412,0.2,0.088
-0.476,-35.932,-14.716,-3.444,2.412,0.192,0.128
-0.528,-34.84,-14.156,-3.304,2.328,0.18,0.088
-0.264,-35.548,-14.48,-4.064,2.536,0.156,0.104
-0.264,-35.22,-14.248,-3.708,2.368,0.192,0.076
-0.584,-35.496,-14.364,-3.208,2.38,0.188,0.104
-0.264,-35.22,-14.316,-3.708,2.42,0.18,0.096
-0.156,-35.384,-14.388,-3.66,2.36,0.188,0.088
-0.476,-35.276,-14.388,-3.42,2.368,0.18,0.108
-0.424,-35.22,-14.272,-3.708,2.412,0.18,0.096
-0.264,-35.332,-14.248,-3.752,2.408,0.188,0.108
-0.372,-35.44,-14.436,-3.516,2.356,0.172,0.108
-0.476,-35.276,-14.248,-3.66,2.412,0.188,0.116
-0.264,-35.276,-14.316,-3.708,2.42,0.18,0.088
-0.372,-35.332,-14.436,-3.54,2.392,0.192,0.12
-0.476,-35.44,-14.34,-3.66,2.388,0.168,0.096
-0.372,-35.276,-14.272,-3.612,2.4,0.172,0.108
-0.264,-35.276,-14.412,-3.492,2.412,0.18,0.088
-0.476,-35.384,-14.296,-3.54,2.368,0.168,0.068
-0.424,-35.384,-14.296,-3.612,2.408,0.2,0.12
-0.372,-35.384,-14.34,-3.54,2.4,0.18,0.084
-0.316,-35.22,-14.296,-3.588,2.38,0.18,0.116
-0.372,-35.332,-14.156,-3.564,2.4,0.172,0.084
-0.372,-35.332,-14.388,-3.54,2.392,0.2,0.104
-0.316,-35.276,-14.296,-3.564,2.412,0.2,0.096
-0.372,-35.276,-14.316,-3.564,2.368,0.168,0.104
-0.372,-35.332,-14.176,-3.588,2.412,0.168,0.096
-0.424,-35.276,-14.272,-3.66,2.428,0.188,0.088
-0.424,-35.332,-14.388,-3.588,2.376,0.172,0.096
-0.264,-35.332,-14.248,-3.588,2.392,0.18,0.068
-0.424,-35.332,-14.272,-3.636,2.408,0.192,0.12
-0.372,-35.276,-14.296,-3.54,2.376,0.18,0.12
-0.372,-35.332,-14.296,-3.564,2.412,0.188,0.104
-0.372,-35.332,-14.296,-3.588,2.408,0.2,0.12
-0.372,-35.384,-14.296,-3.564,2.412,0.192,0.088
-0.424,-35.384,-14.296,-3.564,2.4,0.188,0.088
-0.372,-35.276,-14.364,-3.612,2.444,0.192,0.108
-0.372,-35.276,-14.2,-3.612,2.408,0.188,0.088
-0.424,-35.276,-14.34,-3.588,2.408,0.188,0.104
-0.372,-35.276,-14.248,-3.54,2.444,0.18,0.076
-0.424,-35.384,-14.176,-3.612,2.408,0.2,0.064
-0.372,-35.276,-14.248,-3.752,2.38,0.192,0.088
-0.584,-35.332,-14.248,-3.708,2.428,0.192,0.088
-0.584,-35.332,-14.132,-3.564,2.376,0.2,0.12
-0.372,-35.276,-13.92,-3.776,2.38,0.2,0.116
-0.424,-31.016,-12.404,-3.348,1.924,0.2,0.104
-0.528,-35.44,-15.368,-4.04,2.764,-0.136,0.084
-0.636,-37.404,-15.836,-4.228,2.864,-0.276,0.088
-0.848,-35.332,-14.296,-3.872,2.504,-0.148,0.136
-0.584,-35.276,-14.948,-4.228,2.604,-0.172,0.128
-0.688,-35.66,-14.528,-3.8,2.604,-0.284,0.104
-0.636,-36.476,-15.136,-3.612,2.92,-0.316,0.096
-0.848,-35.44,-14.692,-3.992,2.804,-0.168,0.104
-0.584,-35.712,-15.252,-3.208,2.64,-0.088,-0.036
-1.168,-35.66,-14.948,-2.684,2.72,0.0,-0.032
-0.156,-35.712,-14.62,-2.044,2.288,0.208,0.004
-0.9,-35.384,-14.48,-1.78,2.388,0.388,-0.084
-0.372,-34.784,-14.364,-1.756,2.496,0.252,-0.116
-1.328,-38.28,-14.412,-1.592,2.544,0.44,-0.068
-0.848,-35.712,-14.436,-0.996,2.44,0.14,-0.056
-0.372,-35.496,-14.576,-0.76,2.42,0.208,-0.076
1.86,-37.08,-14.856,-1.256,2.44,0.576,-0.036
2.336,-35.22,-15.088,-0.828,2.512,0.376,-0.052
-0.584,-34.62,-14.76,-0.14,2.308,0.368,-0.056
-1.488,-34.62,-14.388,0.26,2.356,0.364,-0.084
0.796,-34.568,-15.368,-0.592,2.504,0.296,-0.104
-0.156,-34.348,-15.136,-0.448,2.512,0.336,-0.056
-1.752,-33.8,-14.808,0.924,2.276,0.312,-0.088
0.316,-33.964,-15.44,0.02,2.48,0.348,-0.088
1.38,-33.584,-15.276,-0.044,2.336,0.4,-0.036
0.104,-33.42,-15.324,0.448,2.44,0.46,-0.068
-0.372,-32.984,-15.3,0.236,2.444,0.344,-0.128
0.476,-32.928,-15.58,0.26,2.452,0.356,-0.14
0.0,-32.764,-15.744,0.52,2.408,0.316,-0.116
-0.636,-32.436,-15.58,0.424,2.492,0.24,-0.108
0.688,-32.436,-16.232,0.688,2.604,0.264,-0.056
0.156,-31.236,-15.788,0.876,2.428,0.292,-0.044
-0.156,-31.452,-16.304,0.852,2.648,0.232,-0.024
-0.156,-30.688,-16.164,0.924,2.504,0.264,-0.024
-0.372,-30.8,-15.696,1.496,2.252,0.292,-0.012
0.372,-29.16,-16.232,0.924,2.472,0.16,-0.016
-0.212,-30.58,-15.952,1.256,2.444,0.296,0.012
-1.22,-29.432,-15.976,2.852,2.288,0.14,0.0
0.796,-30.144,-16.14,0.828,2.4,0.284,0.024
-1.488,-29.868,-16.068,2.66,2.288,0.168,0.016
0.052,-29.98,-16.116,0.472,2.48,0.276,0.032
-0.424,-29.76,-15.952,0.828,2.376,0.224,0.016
-0.372,-30.032,-16.092,1.972,2.328,0.224,0.012
-0.528,-29.868,-15.976,1.02,2.412,0.244,0.036
0.0,-29.816,-16.048,0.64,2.36,0.264,0.032
-0.476,-29.924,-16.14,1.592,2.336,0.22,0.004
-0.424,-29.924,-16.116,1.236,2.408,0.244,0.0
-0.156,-29.868,-15.928,0.924,2.36,0.276,-0.016
-0.264,-29.868,-16.092,1.4,2.336,0.244,0.016
-0.424,-29.98,-16.116,1.352,2.368,0.24,0.012
-0.212,-29.924,-16.048,0.924,2.336,0.252,0.016
-0.212,-29.868,-16.092,1.14,2.316,0.252,0.0
-0.372,-29.924,-16.048,1.256,2.348,0.22,-0.012
-0.372,-29.924,-16.048,1.164,2.376,0.24,0.012
-0.212,-29.868,-16.048,1.164,2.316,0.224,0.052
-0.264,-29.924,-16.024,1.376,2.34,0.24,0.052
-0.372,-29.924,-16.208,1.14,2.356,0.252,0.024
-0.316,-29.924,-16.116,1.116,2.356,0.244,0.032
-0.212,-29.868,-16.068,1.116,2.368,0.252,0.032
-0.372,-29.868,-15.976,1.092,2.376,0.26,0.004
-0.264,-29.924,-15.976,1.044,2.356,0.232,-0.024
-0.264,-29.868,-16.024,1.164,2.348,0.232,-0.004
-0.372,-29.868,-16.068,1.092,2.34,0.244,0.068
-0.316,-29.868,-16.092,1.092,2.324,0.244,0.044
-0.316,-29.924,-16.116,1.116,2.34,0.232,0.032
-0.372,-29.924,-16.208,1.092,2.356,0.244,0.052
-0.372,-29.924,-16.092,1.068,2.348,0.22,0.004
-0.372,-29.868,-16.092,1.164,2.328,0.244,0.032
-0.316,-29.868,-16.116,1.068,2.376,0.24,0.012
-0.372,-29.868,-16.116,1.236,2.368,0.244,0.032
-0.264,-29.924,-16.116,1.116,2.38,0.24,0.012
-0.316,-29.924,-16.068,1.212,2.356,0.252,0.016
-0.316,-29.924,-16.092,1.212,2.368,0.232,0.044
-0.264,-29.868,-15.952,1.116,2.368,0.24,0.036
-0.264,-29.924,-16.116,1.164,2.38,0.24,0.0
-0.316,-29.924,-16.116,1.02,2.336,0.24,0.016
-0.372,-29.868,-16.092,1.212,2.412,0.26,-0.004
