right_j0,right_j1,right_j2,right_j3,right_j4,right_j5,right_j6
-0.316,-29.924,-16.116,1.068,2.348,0.24,0.0
-0.264,-29.924,-15.976,1.188,2.356,0.26,0.052
-0.264,-29.868,-16.0,0.996,2.376,0.232,0.052
-0.264,-29.924,-16.116,1.188,2.376,0.252,0.036
-0.316,-29.924,-16.068,1.116,2.34,0.224,0.032
-0.372,-29.924,-16.164,1.164,2.336,0.244,0.012
-0.264,-29.924,-15.952,1.164,2.348,0.24,0.004
-0.316,-29.868,-16.232,1.212,2.36,0.224,0.056
-0.316,-29.924,-16.024,1.044,2.36,0.244,0.012
-0.264,-29.924,-16.024,1.068,2.36,0.232,0.012
-0.372,-29.924,-16.0,1.188,2.376,0.244,0.064
-0.316,-29.924,-16.048,1.164,2.348,0.24,-0.016
-0.316,-29.924,-16.0,1.14,2.36,0.252,0.024
-0.212,-29.924,-16.024,1.068,2.336,0.232,0.016
-0.316,-29.868,-16.14,1.068,2.34,0.24,0.036
-0.316,-29.924,-15.976,1.116,2.348,0.244,0.052
-0.316,-29.868,-16.048,1.14,2.376,0.252,0.036
-0.372,-29.924,-16.14,1.14,2.368,0.24,0.032
-0.372,-29.924,-16.068,1.14,2.348,0.244,0.024
-0.372,-29.924,-16.188,1.14,2.36,0.244,0.032
-0.372,-29.924,-16.14,1.14,2.4,0.24,0.016
-0.264,-29.924,-15.976,1.092,2.36,0.244,0.036
-0.372,-29.924,-16.188,1.164,2.36,0.224,0.036
-0.212,-29.98,-16.0,0.26,2.46,0.26,0.012
-1.964,-31.016,-16.512,0.9,2.472,0.12,0.188
-1.116,-30.472,-15.532,0.308,2.48,0.252,0.12
-1.648,-31.728,-16.164,0.496,2.336,0.276,0.076
-1.328,-31.672,-16.28,0.14,2.48,0.296,-0.032
-0.848,-32.164,-15.484,-0.472,2.484,0.336,0.012
-1.752,-32.492,-15.532,-0.404,2.492,0.212,0.064
-1.168,-32.656,-15.836,-0.568,2.296,0.304,0.108
-0.796,-32.82,-15.744,-0.948,2.44,0.208,0.068
-1.328,-33.472,-15.836,-0.972,2.452,0.012,0.068
-0.848,-32.872,-15.368,-1.472,2.532,0.188,0.084
-1.432,-33.42,-15.556,-1.64,2.38,0.272,0.104
-1.432,-34.128,-15.624,-1.496,2.432,0.064,0.2
-0.956,-33.748,-15.324,-2.376,2.232,0.304,0.088
-0.796,-34.292,-15.3,-1.924,2.452,0.14,0.044
-1.328,-34.84,-15.556,-2.636,2.648,0.084,0.056
-1.008,-34.348,-14.528,-2.852,2.432,-0.032,0.056
-1.488,-35.056,-14.296,-3.088,2.348,0.18,0.156
-1.432,-35.496,-14.412,-3.064,2.432,0.012,0.188
-1.06,-35.22,-14.436,-3.564,2.324,0.104,0.108
-1.38,-35.984,-14.948,-3.588,2.38,0.084,0.104
-1.328,-35.824,-14.576,-4.18,2.504,0.076,0.12
3.348,-33.584,-12.824,-1.804,1.34,0.68,0.088
-1.38,-37.08,-15.812,-3.516,2.672,0.004,0.116
0.316,-34.728,-13.616,-3.372,2.132,0.252,0.108
-1.008,-35.984,-14.856,-3.516,2.532,0.128,0.088
0.052,-34.568,-13.944,-3.968,2.36,0.22,0.088
-0.476,-35.984,-14.74,-3.468,2.472,0.18,0.084
-0.476,-34.84,-14.06,-3.28,2.284,0.2,0.12
-0.424,-35.604,-14.388,-4.016,2.524,0.172,0.096
-0.212,-35.22,-14.224,-3.684,2.4,0.192,0.108
-0.584,-35.604,-14.552,-3.348,2.376,0.192,0.104
-0.372,-35.22,-14.296,-3.66,2.44,0.2,0.116
-0.104,-35.44,-14.296,-3.588,2.412,0.188,0.084
-0.424,-35.332,-14.296,-3.348,2.452,0.188,0.084
-0.424,-35.276,-14.34,-3.776,2.4,0.188,0.088
-0.212,-35.44,-14.272,-3.752,2.42,0.192,0.096
-0.372,-35.384,-14.436,-3.564,2.388,0.192,0.096
-0.476,-35.44,-14.248,-3.396,2.408,0.168,0.108
-0.264,-35.384,-14.364,-3.728,2.408,0.188,0.104
-0.316,-35.332,-14.436,-3.516,2.408,0.18,0.088
-0.424,-35.384,-14.316,-3.684,2.408,0.188,0.14
-0.372,-35.332,-14.176,-3.612,2.408,0.18,0.108
-0.212,-35.384,-14.388,-3.728,2.4,0.192,0.068
-0.424,-35.44,-14.34,-3.492,2.36,0.188,0.084
-0.372,-35.332,-14.436,-3.612,2.444,0.192,0.108
-0.264,-35.44,-14.316,-3.54,2.42,0.172,0.116
-0.372,-35.384,-14.364,-3.636,2.408,0.18,0.064
-0.372,-35.332,-14.316,-3.728,2.428,0.188,0.068
-0.424,-35.332,-14.248,-3.636,2.42,0.172,0.116
-0.372,-35.44,-14.316,-3.54,2.38,0.172,0.104
-0.372,-35.332,-14.248,-3.588,2.412,0.192,0.068
-0.372,-35.332,-14.316,-3.516,2.42,0.192,0.104
-0.316,-35.384,-14.316,-3.54,2.428,0.18,0.096
-0.372,-35.44,-14.272,-3.444,2.42,0.18,0.096
-0.372,-35.22,-14.224,-3.612,2.388,0.18,0.096
-0.372,-35.332,-14.316,-3.636,2.392,0.16,0.108
-0.372,-35.44,-14.296,-3.54,2.376,0.188,0.088
-0.372,-35.276,-14.272,-3.564,2.42,0.2,0.108
-0.372,-35.384,-14.34,-3.612,2.412,0.188,0.088
-0.372,-35.44,-14.388,-3.564,2.388,0.2,0.084
-0.372,-35.276,-14.296,-3.636,2.392,0.172,0.12
-0.372,-35.332,-14.2,-3.588,2.412,0.192,0.068
-0.424,-35.384,-14.412,-3.612,2.42,0.168,0.096
-0.424,-35.332,-14.364,-3.492,2.4,0.188,0.096
-0.424,-35.332,-14.436,-3.684,2.472,0.2,0.096
-0.372,-35.44,-14.272,-3.684,2.42,0.192,0.104
-0.372,-35.276,-14.132,-3.824,2.392,0.192,0.116
-0.584,-35.44,-14.248,-3.776,2.452,0.16,0.096
-0.528,-35.384,-14.248,-3.636,2.36,0.18,0.116
-0.264,-35.22,-13.92,-3.824,2.348,0.224,0.104
-0.424,-30.636,-12.38,-3.304,1.912,0.208,0.116
-0.424,-35.768,-15.252,-3.992,2.62,-0.104,0.084
-0.744,-36.588,-16.068,-4.656,3.104,-0.276,0.088
-0.796,-35.112,-14.248,-3.776,2.544,-0.24,0.096
-0.636,-35.168,-14.856,-4.156,2.692,-0.252,0.136
-0.372,-35.604,-14.224,-3.564,2.76,-0.504,0.076
-0.796,-36.696,-14.808,-3.92,2.972,-0.492,0.104
-0.584,-35.768,-15.04,-3.8,2.692,-0.056,0.088
-0.796,-35.22,-15.064,-3.66,2.776,0.024,-0.032
-1.116,-35.496,-14.388,-2.66,2.66,0.036,0.032
0.052,-35.496,-14.644,-1.924,2.324,0.192,0.032
-0.848,-35.712,-14.74,-1.852,2.432,0.408,-0.088
-0.372,-34.62,-13.804,-1.568,2.48,0.348,-0.068
-1.432,-37.132,-14.412,-1.496,2.42,0.276,-0.044
-0.688,-35.66,-14.224,-1.044,2.412,0.332,-0.068
-0.316,-35.604,-14.808,-0.592,2.388,0.192,-0.068
1.7,-36.696,-15.136,-1.14,2.392,0.472,-0.084
1.964,-35.112,-15.064,-0.76,2.452,0.384,-0.052
-0.636,-34.568,-14.504,0.044,2.288,0.332,-0.044
-1.38,-34.676,-14.504,0.116,2.284,0.428,-0.056
0.636,-34.568,-15.344,-0.472,2.444,0.26,-0.096
-0.264,-34.292,-15.484,-0.068,2.492,0.368,-0.044
-1.592,-33.8,-14.76,0.76,2.328,0.344,-0.108
0.372,-33.912,-15.276,-0.14,2.444,0.376,-0.084
1.328,-33.528,-15.276,-0.116,2.336,0.4,-0.032
0.052,-33.364,-15.484,0.592,2.408,0.428,-0.052
-0.372,-33.036,-15.3,0.332,2.432,0.388,-0.104
0.688,-32.872,-15.556,0.188,2.452,0.356,-0.088
0.0,-32.708,-15.812,0.688,2.376,0.312,-0.096
-0.636,-32.492,-15.556,0.52,2.532,0.232,-0.084
0.636,-32.6,-16.188,0.712,2.524,0.348,-0.088
0.156,-31.344,-16.092,0.828,2.516,0.26,-0.088
-0.212,-31.672,-15.928,0.784,2.564,0.296,-0.044
-0.156,-30.308,-16.208,0.972,2.596,0.232,0.016
-0.264,-30.8,-15.812,1.448,2.204,0.304,0.004
0.372,-29.924,-16.28,1.02,2.492,0.272,0.064
-0.264,-30.088,-16.164,1.472,2.4,0.284,0.036
-0.9,-30.088,-16.492,3.16,2.296,0.22,0.0
0.796,-29.924,-15.648,1.092,2.252,0.276,0.012
-0.848,-29.868,-16.208,2.896,2.268,0.208,-0.016
-0.212,-30.196,-16.188,0.356,2.452,0.252,0.004
-0.212,-29.488,-15.836,0.808,2.34,0.26,-0.004
-0.424,-30.252,-16.396,1.972,2.348,0.252,0.0
-0.528,-29.704,-15.928,1.14,2.34,0.252,0.032
0.0,-29.98,-16.068,0.712,2.4,0.24,0.0
-0.476,-29.924,-16.14,1.544,2.376,0.232,0.004
-0.424,-29.868,-16.0,1.212,2.368,0.24,0.032
-0.212,-29.924,-16.068,0.876,2.38,0.272,-0.004
-0.264,-29.924,-16.068,1.472,2.304,0.244,0.024
-0.424,-29.868,-16.048,1.256,2.336,0.24,-0.004
-0.316,-29.924,-16.048,0.972,2.368,0.244,0.024
-0.212,-29.868,-16.188,1.092,2.348,0.264,0.032
-0.372,-29.868,-16.048,1.212,2.304,0.232,0.004
-0.372,-29.924,-16.024,1.092,2.388,0.24,0.016
-0.212,-29.868,-16.116,1.092,2.36,0.252,-0.004
-0.372,-29.924,-16.14,1.14,2.348,0.232,0.024
-0.424,-29.924,-16.024,1.14,2.356,0.252,0.032
-0.316,-29.924,-16.048,1.256,2.356,0.232,0.012
-0.316,-29.868,-16.068,1.092,2.356,0.24,0.016
-0.372,-29.868,-16.14,1.212,2.356,0.24,0.032
-0.372,-29.868,-16.116,1.116,2.328,0.24,0.0
-0.372,-29.868,-16.092,1.116,2.336,0.252,0.012
-0.372,-29.924,-16.068,1.188,2.34,0.24,-0.004
-0.316,-29.868,-16.0,1.164,2.34,0.244,-0.004
-0.316,-29.924,-16.0,1.092,2.336,0.24,0.0
-0.316,-29.924,-16.068,1.164,2.356,0.26,0.004
-0.316,-29.868,-16.048,1.02,2.368,0.24,0.044
-0.316,-29.924,-16.092,1.116,2.376,0.26,0.024
-0.372,-29.924,-16.048,1.164,2.348,0.24,0.012
-0.316,-29.924,-16.14,1.188,2.328,0.244,0.012
-0.372,-29.868,-16.092,1.116,2.34,0.26,0.012
-0.424,-29.924,-16.024,1.14,2.328,0.252,0.016
-0.372,-29.924,-16.068,1.044,2.356,0.24,0.004
-0.372,-29.924,-16.048,1.164,2.34,0.24,0.016
-0.316,-29.924,-16.024,1.164,2.36,0.244,0.016
-0.372,-29.868,-16.024,1.188,2.348,0.232,0.024
-0.372,-29.868,-15.928,1.188,2.376,0.244,-0.024
-0.264,-29.924,-16.116,1.044,2.368,0.264,0.044
