right_j0,right_j1,right_j2,right_j3,right_j4,right_j5,right_j6
-0.372,-29.924,-16.048,1.092,2.356,0.244,-0.004
-0.372,-29.924,-15.884,1.14,2.328,0.224,0.016
-0.316,-29.924,-16.048,1.092,2.328,0.24,0.012
-0.264,-29.98,-15.976,1.092,2.368,0.24,0.004
-0.372,-29.924,-16.048,1.044,2.356,0.24,-0.004
-0.316,-29.924,-15.952,1.044,2.356,0.264,0.012
-0.264,-29.98,-16.0,1.092,2.324,0.232,0.024
-0.264,-29.924,-15.976,1.068,2.34,0.24,0.032
-0.316,-29.868,-16.116,1.068,2.388,0.244,0.012
-0.316,-29.924,-15.928,1.116,2.36,0.232,0.004
-0.372,-29.924,-16.048,1.14,2.348,0.244,-0.004
-0.264,-29.924,-15.908,1.02,2.34,0.26,0.0
-0.372,-29.924,-16.048,1.068,2.34,0.244,0.024
-0.316,-29.924,-15.952,1.256,2.348,0.252,0.024
-0.316,-29.868,-16.024,1.092,2.356,0.272,0.016
-0.264,-29.924,-15.908,1.14,2.356,0.232,-0.004
-0.316,-29.868,-16.092,1.02,2.34,0.24,-0.012
-0.372,-29.924,-16.048,1.092,2.336,0.252,0.012
-0.316,-29.924,-16.0,1.044,2.324,0.252,0.012
-0.264,-29.924,-15.952,1.092,2.316,0.224,0.0
-0.372,-29.924,-16.0,1.14,2.388,0.208,0.036
-0.264,-29.924,-15.908,1.164,2.336,0.26,0.024
-0.316,-29.924,-15.86,1.164,2.36,0.252,0.012
-0.264,-29.924,-15.884,1.092,2.324,0.26,0.016
-2.176,-30.524,-16.116,1.068,2.324,0.232,0.016
-1.328,-30.58,-15.744,0.236,2.336,0.224,0.168
-1.276,-31.564,-16.092,0.688,2.36,0.26,0.116
-1.54,-31.728,-15.624,0.38,2.524,0.344,0.044
-0.212,-31.288,-15.44,0.164,2.172,0.312,0.012
-1.276,-32.6,-15.508,0.116,2.288,0.272,0.016
-1.432,-32.38,-15.648,-0.212,2.316,0.304,0.096
-0.688,-32.436,-15.416,-0.544,2.132,0.348,0.136
-1.168,-33.148,-15.908,-0.64,2.356,0.172,0.084
-1.22,-33.036,-15.44,-0.948,2.4,0.276,0.044
-1.06,-32.872,-15.368,-1.116,2.236,0.264,0.056
-1.38,-34.02,-15.344,-1.568,2.316,0.264,0.16
-1.168,-33.528,-15.416,-1.64,2.224,0.304,0.128
-0.636,-33.8,-15.392,-1.496,2.204,0.26,0.084
-1.168,-34.676,-15.416,-2.448,2.368,0.224,0.024
-0.956,-34.292,-14.692,-2.424,2.264,0.128,0.044
-1.008,-34.676,-14.34,-2.472,2.328,0.064,0.104
-1.488,-35.276,-14.412,-3.04,2.4,0.172,0.14
-1.008,-34.84,-14.108,-3.184,2.252,0.244,0.084
-0.636,-35.66,-14.644,-3.396,2.1,0.22,0.064
-1.168,-35.932,-14.668,-3.708,2.444,0.2,0.052
-0.528,-35.004,-14.76,-3.728,2.38,0.2,0.12
-0.688,-35.824,-13.896,-3.992,2.348,0.316,0.104
-0.372,-35.22,-15.184,-3.444,2.576,0.068,0.104
0.104,-35.44,-13.688,-3.776,2.284,0.264,0.108
-0.424,-35.548,-14.644,-3.444,2.428,0.18,0.116
-0.424,-35.22,-14.388,-3.516,2.328,0.188,0.096
-0.528,-35.496,-14.296,-3.752,2.408,0.2,0.084
0.052,-35.44,-14.62,-3.54,2.4,0.16,0.068
-0.584,-35.604,-14.388,-3.304,2.356,0.22,0.108
-0.316,-35.44,-14.412,-3.8,2.412,0.208,0.096
-0.264,-35.332,-14.296,-3.752,2.44,0.188,0.104
-0.264,-35.548,-14.456,-3.304,2.376,0.2,0.12
-0.528,-35.276,-14.248,-3.564,2.38,0.192,0.108
-0.156,-35.384,-14.388,-3.728,2.42,0.192,0.088
-0.372,-35.44,-14.504,-3.444,2.44,0.188,0.088
-0.476,-35.496,-14.296,-3.54,2.36,0.168,0.096
-0.316,-35.384,-14.296,-3.66,2.4,0.208,0.084
-0.212,-35.44,-14.412,-3.516,2.432,0.172,0.104
-0.528,-35.332,-14.436,-3.588,2.388,0.192,0.068
-0.316,-35.332,-14.48,-3.612,2.408,0.192,0.096
-0.264,-35.496,-14.436,-3.492,2.444,0.18,0.108
-0.424,-35.384,-14.412,-3.612,2.408,0.2,0.088
-0.424,-35.44,-14.248,-3.588,2.42,0.188,0.104
-0.316,-35.496,-14.412,-3.54,2.392,0.2,0.084
-0.316,-35.384,-14.388,-3.612,2.428,0.188,0.084
-0.424,-35.44,-14.48,-3.54,2.408,0.172,0.136
-0.372,-35.496,-14.388,-3.564,2.42,0.2,0.104
-0.316,-35.384,-14.456,-3.636,2.38,0.224,0.108
-0.372,-35.44,-14.436,-3.516,2.464,0.192,0.128
-0.372,-35.384,-14.272,-3.588,2.388,0.188,0.108
-0.316,-35.44,-14.364,-3.54,2.388,0.192,0.064
-0.372,-35.44,-14.34,-3.588,2.412,0.2,0.12
-0.372,-35.44,-14.436,-3.492,2.38,0.192,0.088
-0.372,-35.44,-14.456,-3.54,2.408,0.208,0.108
-0.316,-35.44,-14.316,-3.612,2.38,0.2,0.064
-0.372,-35.44,-14.388,-3.708,2.392,0.2,0.096
-0.372,-35.44,-14.296,-3.564,2.428,0.192,0.088
-0.372,-35.44,-14.364,-3.468,2.4,0.192,0.088
-0.372,-35.44,-14.412,-3.588,2.42,0.2,0.088
-0.316,-35.44,-14.272,-3.684,2.42,0.2,0.108
-0.372,-35.44,-14.436,-3.564,2.42,0.192,0.128
-0.372,-35.44,-14.388,-3.54,2.42,0.212,0.116
-0.372,-35.496,-14.412,-3.492,2.38,0.192,0.14
-0.372,-35.332,-14.412,-3.492,2.392,0.2,0.128
-0.316,-35.44,-14.436,-3.54,2.432,0.208,0.128
-0.372,-35.332,-14.2,-3.708,2.36,0.172,0.096
-0.316,-35.44,-14.48,-3.208,2.392,0.18,0.104
-1.22,-35.44,-14.296,-3.564,2.408,0.148,0.096
0.052,-35.44,-14.132,-3.728,2.4,0.224,0.096
-0.796,-35.22,-14.34,-4.112,2.44,0.168,0.108
-0.424,-33.584,-13.664,-4.016,2.316,0.056,0.104
-0.052,-37.08,-15.72,-3.42,2.636,-0.084,0.076
-0.528,-35.496,-14.76,-3.372,2.44,-0.064,0.096
-0.424,-34.728,-14.412,-3.04,2.12,-0.012,0.096
-0.156,-35.332,-14.996,-3.28,2.548,-0.024,0.108
-0.528,-36.368,-15.344,-3.232,2.512,0.044,0.116
-0.264,-35.604,-14.436,-2.78,2.392,0.036,0.116
-0.528,-36.04,-15.324,-2.516,2.336,0.224,0.044
-0.688,-35.112,-14.34,-2.208,2.428,0.172,-0.032
-0.372,-35.984,-14.832,-2.064,2.428,0.2,0.016
-0.584,-35.44,-14.34,-1.852,2.432,0.324,-0.032
-0.584,-35.168,-14.62,-1.732,2.532,0.188,-0.076
-0.476,-36.86,-16.0,-1.116,2.76,-0.068,-0.096
-1.648,-36.804,-14.296,-0.664,2.428,0.188,-0.084
0.212,-35.984,-14.576,-0.876,2.36,0.296,-0.056
-0.104,-35.44,-15.04,-0.784,2.44,0.284,-0.088
2.336,-35.932,-14.668,-1.164,2.38,0.492,-0.064
0.264,-34.784,-14.74,-0.496,2.408,0.364,-0.068
-1.06,-35.004,-14.88,-0.044,2.4,0.364,-0.056
0.104,-34.62,-14.808,-0.188,2.276,0.364,-0.068
0.316,-34.404,-15.416,-0.02,2.568,0.264,-0.068
-1.54,-34.456,-14.972,0.116,2.38,0.292,0.016
-0.212,-33.472,-15.112,0.0,2.496,0.292,-0.088
1.168,-34.076,-15.464,0.236,2.324,0.388,-0.044
0.476,-33.148,-15.252,0.092,2.42,0.44,0.012
-0.372,-33.364,-15.508,0.068,2.428,0.348,-0.084
0.104,-32.928,-15.464,0.52,2.324,0.296,-0.12
0.264,-32.928,-15.768,0.448,2.496,0.312,-0.128
-0.636,-32.544,-15.648,0.592,2.464,0.272,-0.128
-0.052,-31.836,-15.324,0.996,2.412,0.312,-0.088
0.476,-31.072,-15.72,0.472,2.492,0.224,-0.104
-0.264,-31.288,-15.884,0.876,2.516,0.312,-0.052
-0.052,-30.96,-15.768,0.948,2.36,0.312,-0.012
-0.584,-30.472,-16.632,0.972,2.496,0.212,0.0
0.156,-30.96,-15.648,1.14,2.216,0.388,0.044
0.212,-29.104,-16.068,1.52,2.412,0.188,-0.016
-6.592,-30.36,-15.112,-2.328,3.044,0.108,0.004
0.796,-29.596,-15.908,0.472,2.408,0.192,0.024
-1.38,-30.144,-15.928,0.164,2.504,0.244,0.004
0.212,-29.868,-16.0,0.284,2.388,0.276,0.0
-0.372,-29.816,-16.0,2.136,2.256,0.22,-0.004
-0.584,-30.196,-16.188,0.924,2.428,0.24,-0.004
0.052,-29.704,-15.768,0.76,2.296,0.276,-0.004
-0.372,-30.088,-16.14,1.828,2.34,0.224,0.012
-0.424,-29.924,-16.0,1.328,2.368,0.24,0.016
-0.156,-29.868,-16.048,0.688,2.336,0.26,0.004
-0.316,-29.924,-15.976,1.236,2.308,0.24,0.032
-0.476,-29.924,-15.928,1.164,2.356,0.232,0.0
-0.316,-29.924,-16.0,0.808,2.356,0.24,0.032
-0.212,-29.924,-15.952,1.28,2.308,0.252,0.004
-0.476,-29.924,-16.068,1.304,2.308,0.252,0.012
-0.372,-29.924,-16.164,0.972,2.348,0.252,-0.012
-0.316,-29.924,-16.0,0.972,2.316,0.244,0.012
-0.372,-29.98,-16.0,1.188,2.324,0.232,-0.012
-0.424,-29.98,-15.976,0.996,2.34,0.244,-0.004
-0.264,-29.924,-15.952,1.068,2.316,0.244,0.004
-0.372,-29.98,-16.092,1.212,2.328,0.252,0.012
-0.372,-29.924,-16.116,1.212,2.336,0.252,-0.004
-0.372,-29.924,-16.024,1.14,2.368,0.232,0.0
-0.316,-29.924,-16.0,1.188,2.308,0.232,0.032
-0.316,-29.98,-16.0,1.14,2.328,0.264,0.016
-0.372,-29.924,-16.048,1.188,2.308,0.24,-0.036
-0.264,-29.924,-16.024,1.28,2.304,0.252,0.024
-0.372,-29.98,-16.048,1.116,2.324,0.24,0.012
-0.316,-29.924,-16.092,1.164,2.336,0.264,0.016
-0.316,-29.924,-15.976,1.164,2.348,0.252,0.012
-0.372,-29.98,-16.116,1.28,2.328,0.264,0.068
-0.316,-29.924,-16.092,1.14,2.308,0.24,0.036
-0.372,-29.924,-16.048,1.14,2.36,0.232,0.0
-0.372,-29.924,-16.024,1.164,2.324,0.224,-0.016
-0.264,-29.924,-16.048,1.092,2.316,0.24,0.012
-0.372,-29.98,-15.952,1.188,2.348,0.252,0.032
-0.264,-29.924,-15.928,1.14,2.348,0.232,0.012
-0.372,-29.924,-15.908,1.188,2.34,0.26,0.024
-0.316,-29.868,-15.976,1.116,2.324,0.272,0.004
-0.316,-29.868,-16.092,1.14,2.324,0.252,0.004
-0.316,-29.924,-16.092,1.164,2.34,0.24,0.016
-0.316,-29.868,-16.024,0.972,2.336,0.244,0.0
