right_j0,right_j1,right_j2,right_j3,right_j4,right_j5,right_j6
-0.372,-29.868,-16.024,1.14,2.336,0.224,0.032
-0.372,-29.868,-16.092,1.14,2.36,0.24,0.016
-0.316,-29.924,-16.0,1.28,2.336,0.24,0.004
-0.264,-29.868,-16.048,1.14,2.336,0.22,0.056
-0.372,-29.924,-16.068,1.256,2.356,0.264,-0.016
-0.264,-29.868,-16.092,1.14,2.324,0.252,0.044
-0.316,-29.924,-16.14,1.256,2.356,0.232,0.0
-0.372,-29.868,-16.092,1.14,2.356,0.24,0.032
-0.316,-29.868,-16.0,1.14,2.328,0.24,0.044
-0.372,-29.868,-16.068,1.068,2.324,0.252,0.024
-0.264,-29.868,-16.048,1.256,2.336,0.232,0.044
-0.316,-29.924,-16.092,1.164,2.356,0.224,0.032
-0.372,-29.868,-16.116,1.256,2.376,0.244,0.036
-0.264,-29.924,-16.164,1.044,2.308,0.252,0.032
-0.372,-29.868,-16.0,1.044,2.368,0.252,0.024
-0.372,-29.868,-16.024,1.188,2.368,0.224,0.024
-0.316,-29.924,-16.024,1.068,2.328,0.232,0.024
-0.372,-29.868,-15.952,1.188,2.348,0.24,0.032
-0.264,-29.868,-16.068,1.116,2.356,0.244,0.016
-0.316,-29.868,-16.164,1.092,2.38,0.244,0.016
-0.264,-29.868,-16.0,1.236,2.34,0.244,0.016
-0.316,-29.868,-15.952,1.164,2.368,0.232,0.012
-0.372,-29.924,-16.068,1.092,2.36,0.244,0.036
-0.316,-29.868,-16.048,1.236,2.34,0.252,0.024
-1.592,-30.088,-16.024,1.448,2.34,0.188,0.004
-1.432,-31.564,-15.58,0.448,2.212,0.172,0.128
-1.276,-31.236,-15.532,0.448,2.66,-0.088,0.12
-1.964,-31.728,-16.0,0.308,2.492,0.172,0.036
-0.848,-31.288,-15.58,-0.14,2.328,0.384,0.076
-1.22,-32.164,-16.092,-0.308,2.556,0.188,0.084
-1.7,-32.872,-15.44,-0.424,2.44,0.188,0.116
-0.744,-32.492,-16.092,-0.712,2.34,0.296,0.156
-0.848,-33.148,-15.908,-1.256,2.512,0.16,0.052
-1.276,-33.148,-15.744,-1.236,2.564,-0.012,0.076
-1.168,-32.984,-15.44,-1.116,2.296,0.188,0.084
-1.54,-34.184,-15.556,-1.924,2.48,0.208,0.096
-1.168,-33.8,-15.392,-1.66,2.4,0.088,0.156
-0.9,-33.912,-15.768,-2.424,2.264,0.244,0.096
-1.38,-34.948,-15.344,-2.564,2.648,0.148,0.076
-1.168,-35.004,-14.948,-2.78,2.516,0.116,0.0
-1.168,-34.568,-14.296,-2.876,2.328,0.056,0.076
-1.752,-35.384,-14.504,-3.088,2.484,-0.012,0.18
-1.432,-35.112,-14.272,-3.396,2.328,0.024,0.136
-0.688,-35.604,-14.948,-4.04,2.36,0.108,0.056
-1.116,-36.148,-14.972,-3.896,2.588,-0.004,0.084
-1.116,-36.04,-14.436,-4.016,2.464,0.148,0.096
0.212,-32.764,-13.36,-4.492,2.432,0.136,0.104
-1.008,-35.768,-14.456,-3.752,2.464,0.2,0.088
0.264,-35.004,-14.132,-4.492,2.504,0.188,0.104
-0.9,-35.496,-14.552,-3.208,2.408,0.16,0.084
-0.212,-35.276,-14.176,-3.516,2.4,0.208,0.096
-0.316,-35.384,-14.248,-3.968,2.496,0.168,0.084
-0.104,-35.44,-14.456,-3.396,2.38,0.212,0.116
-0.688,-35.44,-14.388,-3.064,2.376,0.172,0.136
-0.156,-35.384,-14.272,-3.8,2.432,0.2,0.128
-0.264,-35.384,-14.436,-3.728,2.44,0.192,0.088
-0.528,-35.332,-14.388,-3.396,2.408,0.2,0.084
-0.372,-35.276,-14.224,-3.728,2.392,0.2,0.14
-0.212,-35.44,-14.364,-3.612,2.408,0.168,0.096
-0.476,-35.44,-14.412,-3.468,2.376,0.18,0.108
-0.476,-35.332,-14.248,-3.728,2.428,0.172,0.064
-0.156,-35.276,-14.388,-3.728,2.432,0.2,0.096
-0.372,-35.44,-14.296,-3.42,2.444,0.2,0.096
-0.424,-35.384,-14.316,-3.612,2.388,0.192,0.084
-0.316,-35.384,-14.296,-3.708,2.376,0.188,0.116
-0.264,-35.496,-14.296,-3.54,2.412,0.208,0.096
-0.476,-35.384,-14.272,-3.708,2.408,0.18,0.104
-0.372,-35.384,-14.364,-3.66,2.412,0.188,0.108
-0.264,-35.384,-14.316,-3.54,2.42,0.18,0.096
-0.372,-35.276,-14.272,-3.54,2.412,0.192,0.104
-0.372,-35.44,-14.272,-3.564,2.408,0.172,0.096
-0.264,-35.44,-14.364,-3.66,2.428,0.192,0.084
-0.372,-35.44,-14.272,-3.612,2.4,0.172,0.096
-0.372,-35.384,-14.316,-3.564,2.412,0.172,0.128
-0.372,-35.384,-14.388,-3.564,2.428,0.188,0.084
-0.316,-35.332,-14.272,-3.636,2.44,0.192,0.104
-0.372,-35.384,-14.412,-3.564,2.42,0.2,0.088
-0.372,-35.332,-14.436,-3.516,2.42,0.192,0.104
-0.372,-35.44,-14.388,-3.636,2.408,0.188,0.136
-0.372,-35.384,-14.296,-3.66,2.428,0.192,0.076
-0.372,-35.384,-14.34,-3.612,2.428,0.168,0.088
-0.372,-35.44,-14.316,-3.54,2.432,0.2,0.088
-0.424,-35.384,-14.34,-3.516,2.42,0.188,0.116
-0.316,-35.384,-14.316,-3.66,2.408,0.2,0.104
-0.316,-35.384,-14.412,-3.564,2.46,0.18,0.12
-0.372,-35.384,-14.388,-3.612,2.44,0.192,0.12
-0.372,-35.44,-14.296,-3.54,2.408,0.172,0.088
-0.424,-35.332,-14.34,-3.54,2.428,0.192,0.104
-0.372,-35.44,-14.388,-3.684,2.408,0.18,0.088
-0.372,-35.44,-14.296,-3.636,2.388,0.208,0.108
-0.372,-35.384,-14.156,-3.54,2.38,0.192,0.108
-0.212,-35.44,-14.364,-3.588,2.388,0.212,0.128
-0.528,-35.384,-14.2,-3.564,2.36,0.168,0.136
0.264,-35.44,-14.224,-3.776,2.376,0.188,0.096
-0.848,-35.22,-14.272,-3.588,2.432,0.192,0.088
-0.156,-31.672,-13.432,-3.776,2.356,0.096,0.084
-0.744,-35.984,-15.04,-4.728,2.712,-0.108,0.096
-0.584,-35.876,-15.204,-4.016,2.584,-0.068,0.088
-1.008,-34.348,-14.084,-4.064,2.512,-0.088,0.136
-0.584,-35.056,-15.064,-3.992,2.568,-0.156,0.068
-0.848,-36.424,-14.552,-3.588,2.672,-0.208,0.052
-0.956,-35.004,-14.176,-4.064,2.824,-0.264,0.104
-0.956,-35.932,-14.9,-3.66,2.952,-0.356,0.116
-0.636,-34.348,-14.528,-3.208,2.532,0.076,-0.076
-1.06,-35.496,-14.948,-2.66,2.796,0.016,0.016
-0.372,-35.44,-14.016,-2.064,2.356,0.452,0.012
-0.9,-34.676,-15.112,-1.9,2.62,0.384,-0.088
-0.372,-36.916,-14.832,-1.52,2.376,0.384,-0.108
-1.488,-36.26,-14.76,0.116,2.256,0.292,-0.044
0.0,-35.712,-15.04,-0.784,2.556,0.232,-0.052
-0.848,-35.384,-14.108,-0.616,2.252,0.336,-0.012
2.392,-35.768,-15.368,-0.664,2.36,0.492,-0.096
0.848,-34.948,-14.996,-0.616,2.376,0.348,-0.036
-1.008,-34.84,-14.456,-0.404,2.34,0.344,-0.056
-0.156,-34.404,-15.368,0.0,2.388,0.368,-0.056
0.372,-34.292,-15.464,-0.02,2.44,0.304,-0.068
-1.488,-34.84,-14.972,0.14,2.616,0.316,0.052
-0.744,-33.312,-14.948,0.236,2.284,0.312,-0.068
1.116,-34.02,-15.324,0.02,2.464,0.436,-0.088
0.584,-33.2,-15.344,0.188,2.368,0.344,-0.036
-0.476,-33.148,-15.204,0.284,2.4,0.344,-0.088
0.212,-32.928,-15.624,0.808,2.388,0.396,-0.104
0.636,-32.708,-15.508,0.356,2.44,0.348,-0.108
-0.584,-32.492,-15.72,0.592,2.472,0.276,-0.084
-0.212,-31.616,-15.416,0.784,2.34,0.252,-0.096
0.636,-31.072,-15.952,0.424,2.516,0.276,-0.064
0.0,-31.672,-15.508,0.924,2.308,0.296,-0.036
0.104,-30.472,-16.0,1.52,2.36,0.24,-0.016
-0.476,-31.236,-15.788,1.164,2.512,0.304,0.004
0.156,-30.196,-16.188,1.592,2.428,0.24,0.024
0.372,-30.308,-16.048,1.544,2.376,0.292,0.024
-5.58,-29.488,-15.604,-0.568,2.712,0.064,0.024
0.264,-30.088,-16.208,1.256,2.4,0.284,0.016
-0.156,-29.868,-16.068,0.404,2.408,0.26,0.004
-0.212,-29.924,-15.952,0.948,2.432,0.252,0.016
-0.424,-29.98,-16.092,2.088,2.308,0.22,0.032
-0.316,-29.868,-16.164,0.736,2.408,0.244,0.0
0.0,-29.868,-16.048,0.736,2.4,0.292,0.012
-0.584,-29.924,-16.048,1.66,2.356,0.24,0.012
-0.264,-29.924,-16.092,0.972,2.4,0.252,0.0
-0.156,-29.868,-15.928,0.76,2.392,0.26,0.024
-0.424,-29.868,-16.048,1.4,2.368,0.24,0.024
-0.476,-29.924,-16.116,1.068,2.392,0.224,0.016
-0.156,-29.868,-16.068,0.808,2.4,0.252,0.012
-0.372,-29.868,-16.092,1.188,2.348,0.252,0.024
-0.424,-29.924,-15.976,1.328,2.376,0.26,0.016
-0.212,-29.868,-16.14,0.996,2.38,0.24,-0.004
-0.264,-29.816,-16.092,1.116,2.356,0.252,-0.016
-0.372,-29.924,-16.024,1.188,2.36,0.244,0.032
-0.316,-29.868,-15.928,1.068,2.368,0.252,0.036
-0.316,-29.924,-16.0,1.116,2.34,0.252,0.016
-0.316,-29.924,-16.164,1.212,2.356,0.244,0.012
-0.316,-29.924,-16.188,1.212,2.328,0.24,0.012
-0.372,-29.924,-16.024,1.14,2.308,0.24,0.012
-0.316,-29.924,-16.092,1.304,2.36,0.26,0.012
-0.316,-29.924,-15.928,1.188,2.316,0.22,-0.004
