right_j0,right_j1,right_j2,right_j3,right_j4,right_j5,right_j6
-0.372,-29.924,-16.0,1.068,2.376,0.252,0.016
-0.212,-29.924,-16.0,1.116,2.34,0.244,0.0
-0.372,-29.868,-16.092,1.164,2.328,0.244,0.004
-0.372,-29.924,-16.024,1.14,2.356,0.24,0.004
-0.264,-29.924,-16.092,1.068,2.34,0.26,0.012
-0.372,-29.924,-15.908,1.116,2.36,0.224,0.0
-0.316,-29.98,-15.908,1.236,2.36,0.252,0.0
-0.316,-29.924,-16.092,1.188,2.368,0.252,0.036
-0.372,-29.924,-15.952,1.188,2.328,0.24,0.016
-0.264,-29.924,-16.116,1.236,2.376,0.26,0.0
-0.372,-29.98,-16.116,1.236,2.324,0.24,0.016
-0.264,-29.924,-16.116,1.116,2.34,0.244,0.024
-0.372,-29.98,-16.068,1.212,2.36,0.252,-0.012
-0.372,-29.924,-16.0,1.14,2.36,0.252,0.012
-0.316,-29.924,-15.976,1.116,2.34,0.24,-0.016
-0.372,-29.98,-16.048,1.164,2.308,0.264,0.012
-0.424,-29.924,-15.86,1.212,2.348,0.252,0.016
-0.372,-29.868,-16.048,1.14,2.316,0.244,0.024
-0.372,-29.924,-15.908,1.092,2.368,0.26,-0.004
-0.316,-29.924,-16.024,1.256,2.356,0.264,0.012
-0.372,-29.924,-15.976,0.808,2.368,0.264,0.012
-2.284,-31.124,-15.908,0.852,2.388,0.22,0.016
-1.168,-30.58,-15.556,0.404,2.268,0.156,0.128
-1.592,-31.672,-15.744,0.38,2.484,0.16,0.116
-1.648,-31.672,-15.884,0.212,2.376,0.4,0.056
-0.372,-31.016,-15.72,0.188,2.232,0.416,0.004
-1.592,-32.656,-15.276,0.068,2.14,0.388,0.036
-1.22,-32.436,-15.788,-0.496,2.38,0.276,0.156
-0.584,-32.544,-15.276,-0.308,2.284,0.332,0.116
-1.008,-33.2,-15.624,-0.688,2.348,0.16,0.084
-1.22,-32.872,-15.44,-1.14,2.432,0.18,0.044
-1.008,-33.036,-15.392,-1.304,2.316,0.244,0.084
-1.432,-34.02,-15.368,-1.544,2.236,0.24,0.14
-1.06,-33.472,-15.44,-1.708,2.408,0.24,0.16
-0.584,-33.912,-15.604,-1.876,2.2,0.336,0.076
-1.432,-34.728,-15.368,-2.448,2.432,0.276,0.052
-1.168,-34.128,-14.644,-2.4,2.252,0.076,0.056
-0.956,-34.512,-14.224,-2.516,2.316,0.056,0.116
-1.7,-35.548,-14.528,-3.016,2.284,0.116,0.128
-1.06,-34.84,-14.248,-3.016,2.324,0.14,0.108
-1.06,-35.712,-14.716,-3.304,2.216,0.252,0.056
-1.592,-35.824,-14.412,-3.896,2.42,0.26,0.036
0.848,-34.128,-14.552,-3.42,2.356,0.128,0.128
-0.744,-36.64,-14.34,-3.896,2.492,0.244,0.12
-0.104,-35.112,-14.76,-3.208,2.392,0.088,0.076
-0.104,-35.548,-14.316,-3.16,2.316,0.252,0.12
-0.156,-35.44,-14.224,-3.752,2.368,0.208,0.116
-0.528,-35.276,-14.552,-3.348,2.408,0.156,0.096
-0.476,-35.44,-14.036,-3.564,2.34,0.208,0.096
-0.052,-35.712,-14.6,-3.896,2.512,0.188,0.096
-0.528,-35.276,-14.296,-3.348,2.412,0.188,0.108
-0.476,-35.496,-14.504,-3.728,2.464,0.2,0.096
-0.156,-35.22,-14.156,-3.776,2.408,0.2,0.084
-0.372,-35.712,-14.388,-3.468,2.428,0.22,0.088
-0.476,-35.332,-14.34,-3.304,2.348,0.192,0.116
-0.264,-35.496,-14.456,-3.684,2.464,0.212,0.104
-0.372,-35.384,-14.34,-3.588,2.408,0.192,0.076
-0.424,-35.496,-14.456,-3.66,2.38,0.172,0.068
-0.316,-35.384,-14.412,-3.824,2.4,0.18,0.088
-0.212,-35.496,-14.388,-3.564,2.4,0.22,0.104
-0.424,-35.44,-14.456,-3.468,2.38,0.2,0.104
-0.372,-35.44,-14.316,-3.684,2.392,0.172,0.076
-0.212,-35.44,-14.364,-3.66,2.4,0.2,0.076
-0.316,-35.496,-14.456,-3.516,2.428,0.18,0.088
-0.372,-35.44,-14.34,-3.444,2.388,0.172,0.096
-0.316,-35.44,-14.388,-3.588,2.412,0.192,0.076
-0.316,-35.496,-14.388,-3.636,2.38,0.208,0.068
-0.372,-35.44,-14.364,-3.588,2.432,0.188,0.088
-0.372,-35.44,-14.48,-3.588,2.44,0.188,0.084
-0.316,-35.496,-14.388,-3.612,2.412,0.192,0.108
-0.372,-35.496,-14.388,-3.612,2.412,0.192,0.096
-0.372,-35.384,-14.388,-3.516,2.388,0.208,0.096
-0.316,-35.496,-14.316,-3.516,2.4,0.192,0.084
-0.372,-35.44,-14.34,-3.588,2.408,0.188,0.056
-0.372,-35.44,-14.296,-3.66,2.412,0.192,0.084
-0.372,-35.604,-14.364,-3.66,2.408,0.2,0.084
-0.372,-35.496,-14.456,-3.588,2.4,0.188,0.068
-0.372,-35.44,-14.34,-3.612,2.392,0.208,0.096
-0.316,-35.44,-14.296,-3.728,2.412,0.208,0.068
-0.424,-35.496,-14.436,-3.8,2.432,0.188,0.068
-0.424,-35.496,-14.316,-3.468,2.368,0.2,0.104
-0.372,-35.44,-14.412,-3.684,2.4,0.188,0.076
-0.372,-35.44,-14.316,-3.636,2.408,0.18,0.104
-0.372,-35.496,-14.34,-3.636,2.428,0.208,0.076
-0.316,-35.384,-14.296,-3.612,2.4,0.192,0.056
-0.264,-35.44,-14.412,-3.54,2.452,0.192,0.096
-0.372,-35.496,-14.316,-3.612,2.428,0.2,0.076
-0.316,-35.332,-14.084,-3.752,2.4,0.192,0.088
-0.476,-35.548,-14.504,-3.324,2.428,0.188,0.088
-1.008,-35.384,-14.412,-3.516,2.392,0.148,0.108
0.0,-35.548,-14.272,-3.824,2.412,0.208,0.064
-0.796,-34.02,-14.132,-4.396,2.492,0.168,0.076
-0.528,-34.784,-13.896,-4.156,2.284,0.168,0.056
-0.052,-37.568,-15.812,-3.324,2.692,-0.016,0.088
-0.584,-34.84,-14.74,-3.396,2.524,-0.012,0.12
-0.372,-34.784,-14.576,-3.208,2.256,0.064,0.088
-0.372,-35.44,-14.88,-3.256,2.324,-0.012,0.076
-0.424,-36.424,-15.44,-3.16,2.628,0.096,0.096
-0.264,-35.22,-14.552,-2.684,2.34,0.116,0.104
-0.424,-35.932,-15.58,-2.516,2.472,0.26,-0.024
-0.9,-35.112,-14.552,-2.424,2.376,0.212,-0.052
-0.264,-36.096,-14.6,-2.136,2.44,0.224,0.0
-0.688,-35.22,-14.456,-1.924,2.444,0.44,-0.056
-0.584,-35.056,-14.832,-1.708,2.616,0.468,-0.088
-0.744,-36.86,-16.048,-1.304,2.668,-0.2,-0.084
-1.432,-36.588,-14.456,-0.808,2.472,0.148,-0.064
-0.212,-35.984,-14.34,-0.828,2.264,0.316,-0.064
0.848,-35.548,-15.624,-0.76,2.46,0.188,-0.064
1.804,-35.824,-14.34,-1.188,2.308,0.512,-0.044
0.156,-34.784,-14.692,-0.76,2.46,0.348,-0.068
-1.06,-34.728,-15.088,-0.044,2.428,0.368,-0.044
-0.052,-34.568,-14.924,-0.26,2.264,0.356,-0.136
0.0,-34.292,-15.064,-0.332,2.484,0.376,-0.044
-1.592,-33.856,-15.276,0.116,2.472,0.26,-0.064
-0.104,-33.856,-15.136,0.284,2.348,0.376,-0.088
1.168,-33.528,-15.44,0.02,2.36,0.376,-0.064
0.424,-33.312,-15.508,0.116,2.388,0.428,-0.004
-0.424,-33.036,-15.464,0.14,2.472,0.416,-0.096
0.264,-32.928,-15.58,0.308,2.444,0.332,-0.14
0.156,-32.656,-15.788,0.356,2.44,0.324,-0.136
-0.636,-32.436,-15.696,0.544,2.472,0.312,-0.128
0.0,-31.836,-15.604,0.828,2.452,0.304,-0.084
0.424,-31.508,-15.344,0.592,2.452,0.336,-0.068
-0.212,-30.744,-16.024,0.996,2.576,0.2,-0.052
-0.104,-31.18,-15.672,1.044,2.408,0.332,-0.012
-0.584,-29.704,-16.42,1.116,2.532,0.16,0.032
0.212,-30.688,-15.908,1.02,2.376,0.356,0.036
0.0,-30.196,-16.724,1.28,2.464,0.208,0.0
-5.636,-29.488,-14.832,-1.4,2.792,0.232,0.036
1.116,-29.924,-16.188,0.356,2.408,0.312,-0.004
-1.804,-29.98,-15.812,0.424,2.504,0.208,-0.004
0.528,-29.868,-16.092,0.26,2.392,0.284,0.012
-0.688,-29.924,-16.092,1.852,2.316,0.24,0.036
-0.424,-30.088,-16.092,1.188,2.432,0.244,0.012
-0.052,-29.816,-15.884,0.712,2.34,0.272,-0.012
-0.156,-29.924,-16.068,1.66,2.308,0.224,0.016
-0.584,-30.032,-16.092,1.352,2.36,0.22,0.032
-0.104,-29.924,-16.048,0.736,2.388,0.264,0.016
-0.104,-29.868,-16.092,1.236,2.356,0.252,0.012
-0.476,-29.924,-15.908,1.328,2.34,0.24,0.012
-0.372,-29.98,-16.092,0.9,2.368,0.26,0.024
-0.104,-29.868,-15.928,1.14,2.316,0.272,0.036
-0.424,-29.924,-16.068,1.304,2.36,0.24,-0.012
-0.424,-29.924,-16.048,1.14,2.376,0.24,0.032
-0.212,-29.924,-15.976,1.068,2.368,0.264,-0.004
-0.316,-29.924,-16.0,1.188,2.324,0.26,-0.004
-0.424,-29.98,-16.116,1.092,2.328,0.232,0.012
-0.316,-29.924,-15.928,1.092,2.324,0.252,0.044
-0.264,-29.924,-15.976,1.352,2.356,0.24,-0.004
-0.424,-29.924,-15.884,1.092,2.356,0.252,0.012
-0.372,-29.924,-15.976,1.212,2.376,0.252,0.0
-0.316,-29.924,-16.188,1.188,2.348,0.252,0.012
-0.316,-29.924,-16.068,1.164,2.376,0.26,0.004
-0.372,-29.924,-15.884,1.212,2.336,0.24,0.036
-0.372,-29.924,-16.092,1.304,2.368,0.252,0.004
-0.372,-29.924,-16.024,1.256,2.36,0.26,-0.016
-0.372,-29.924,-16.116,1.256,2.36,0.252,0.016
-0.372,-29.924,-16.188,1.164,2.34,0.24,0.004
-0.316,-29.924,-16.14,1.28,2.368,0.232,0.032
-0.372,-29.924,-16.092,1.188,2.348,0.244,0.052
-0.316,-29.924,-16.048,1.092,2.356,0.26,0.024
-0.372,-29.868,-15.976,1.236,2.376,0.26,-0.012
-0.316,-29.924,-15.884,1.068,2.336,0.24,0.0
-0.316,-29.924,-16.024,1.044,2.38,0.24,-0.004
-0.264,-29.924,-16.0,1.212,2.316,0.252,0.012
-0.372,-29.924,-16.092,1.164,2.328,0.244,0.016
-0.316,-29.924,-16.024,1.068,2.34,0.252,-0.024
-0.316,-29.98,-16.068,1.236,2.348,0.24,0.024
-0.264,-29.924,-15.788,1.304,2.324,0.232,-0.004
