right_j0,right_j1,right_j2,right_j3,right_j4,right_j5,right_j6
-0.372,-29.924,-16.14,1.212,2.328,0.252,0.024
-0.372,-29.924,-16.116,1.14,2.34,0.252,0.016
-0.372,-29.98,-16.188,1.044,2.328,0.252,0.032
-0.372,-29.924,-16.116,1.212,2.36,0.24,0.036
-0.316,-29.924,-15.952,1.092,2.34,0.24,0.052
-0.372,-29.924,-16.092,1.092,2.348,0.252,0.004
-0.372,-29.868,-16.14,1.068,2.348,0.244,0.044
-0.372,-29.924,-16.024,1.092,2.348,0.244,0.016
-0.316,-29.924,-16.048,1.092,2.336,0.232,0.032
-0.316,-29.924,-16.092,1.212,2.34,0.232,0.044
-0.316,-29.924,-16.092,1.188,2.336,0.252,0.012
-0.316,-29.924,-16.14,1.092,2.336,0.244,0.004
-0.316,-29.868,-16.116,1.14,2.38,0.252,0.044
-0.372,-29.98,-16.116,1.164,2.376,0.24,0.044
-0.316,-29.924,-16.14,1.212,2.328,0.252,0.012
-0.372,-29.868,-16.048,1.236,2.34,0.24,0.012
-0.316,-29.924,-16.024,1.14,2.368,0.264,0.036
-0.316,-29.924,-16.068,1.092,2.328,0.24,0.032
-0.372,-29.924,-16.024,1.14,2.368,0.26,0.004
-0.316,-29.924,-16.092,1.236,2.356,0.26,0.024
-0.316,-29.868,-15.976,1.212,2.336,0.264,0.032
-0.316,-29.924,-16.14,1.044,2.336,0.24,-0.012
-1.168,-29.924,-16.092,0.664,2.388,0.24,0.036
-1.752,-31.452,-16.444,0.972,2.256,0.24,0.16
-1.38,-30.524,-15.908,0.472,2.284,0.224,0.128
-1.488,-31.836,-15.72,0.664,2.524,0.304,0.068
-0.848,-31.892,-16.208,0.64,2.42,0.264,0.036
-0.796,-32.38,-15.648,-0.38,2.584,0.108,0.036
-1.86,-32.6,-15.624,-0.236,2.324,0.304,0.088
-1.008,-32.216,-15.884,-0.404,2.484,0.224,0.14
-0.796,-32.928,-15.884,-1.304,2.464,0.14,0.128
-1.276,-33.472,-15.908,-0.996,2.568,0.22,0.104
-1.116,-33.036,-15.3,-1.256,2.408,0.192,0.016
-1.432,-33.8,-15.484,-1.592,2.452,0.076,0.104
-1.38,-33.8,-15.696,-1.852,2.472,0.264,0.168
-0.688,-33.692,-15.252,-1.972,2.432,0.108,0.104
-1.22,-34.512,-15.604,-2.54,2.408,0.208,0.068
-1.116,-34.892,-15.416,-2.208,2.608,0.052,0.032
-1.008,-34.568,-14.364,-3.04,2.464,-0.004,0.068
-1.648,-35.004,-14.576,-2.92,2.368,0.016,0.172
-1.432,-35.056,-14.272,-3.112,2.452,0.116,0.156
-0.9,-35.276,-14.552,-3.516,2.336,-0.016,0.168
-1.22,-36.148,-15.02,-3.776,2.44,0.004,0.084
-1.168,-36.04,-14.34,-3.728,2.496,0.024,0.128
1.008,-32.656,-12.612,-3.752,2.232,0.156,0.104
-1.488,-36.752,-14.456,-3.684,2.492,0.188,0.084
0.424,-34.348,-14.156,-4.324,2.516,0.128,0.068
-1.38,-36.04,-14.388,-3.612,2.464,0.2,0.108
0.156,-34.892,-14.248,-3.636,2.356,0.188,0.096
-0.584,-35.66,-14.48,-4.04,2.496,0.2,0.14
-0.316,-35.112,-14.2,-3.636,2.432,0.18,0.088
-0.744,-35.496,-14.34,-3.66,2.4,0.172,0.136
0.0,-35.44,-14.296,-3.896,2.42,0.212,0.12
-0.476,-35.44,-14.388,-3.324,2.4,0.18,0.084
-0.476,-35.384,-14.436,-3.444,2.36,0.18,0.116
-0.212,-35.384,-14.316,-3.752,2.428,0.168,0.12
-0.372,-35.44,-14.248,-3.708,2.392,0.2,0.108
-0.584,-35.44,-14.34,-3.492,2.38,0.188,0.128
-0.316,-35.44,-14.296,-3.728,2.392,0.188,0.084
-0.264,-35.44,-14.272,-3.588,2.38,0.188,0.12
-0.528,-35.44,-14.34,-3.372,2.392,0.18,0.108
-0.372,-35.384,-14.364,-3.824,2.444,0.188,0.116
-0.372,-35.332,-14.34,-3.708,2.44,0.188,0.136
-0.372,-35.44,-14.364,-3.492,2.38,0.192,0.116
-0.476,-35.332,-14.296,-3.564,2.412,0.168,0.088
-0.264,-35.44,-14.34,-3.684,2.392,0.172,0.084
-0.372,-35.384,-14.388,-3.564,2.368,0.188,0.068
-0.424,-35.332,-14.34,-3.66,2.44,0.188,0.104
-0.316,-35.496,-14.224,-3.708,2.4,0.18,0.116
-0.372,-35.384,-14.316,-3.612,2.42,0.208,0.088
-0.372,-35.384,-14.412,-3.564,2.42,0.18,0.136
-0.372,-35.384,-14.316,-3.684,2.428,0.168,0.096
-0.372,-35.384,-14.248,-3.612,2.432,0.188,0.096
-0.424,-35.44,-14.296,-3.684,2.4,0.2,0.136
-0.372,-35.384,-14.316,-3.612,2.432,0.2,0.104
-0.264,-35.384,-14.364,-3.684,2.428,0.188,0.052
-0.372,-35.332,-14.296,-3.564,2.412,0.208,0.088
-0.372,-35.384,-14.248,-3.66,2.4,0.188,0.096
-0.372,-35.44,-14.34,-3.588,2.4,0.168,0.084
-0.372,-35.332,-14.272,-3.612,2.428,0.2,0.076
-0.372,-35.332,-14.34,-3.66,2.4,0.188,0.104
-0.372,-35.384,-14.34,-3.588,2.4,0.2,0.116
-0.372,-35.384,-14.388,-3.492,2.42,0.192,0.104
-0.424,-35.384,-14.34,-3.728,2.4,0.188,0.116
-0.424,-35.44,-14.296,-3.612,2.408,0.188,0.128
-0.372,-35.44,-14.364,-3.54,2.42,0.18,0.128
-0.372,-35.332,-14.364,-3.636,2.408,0.18,0.136
-0.372,-35.384,-14.364,-3.564,2.432,0.18,0.096
-0.372,-35.384,-14.296,-3.636,2.412,0.2,0.108
-0.264,-35.44,-14.224,-3.8,2.444,0.2,0.088
-0.584,-35.496,-14.272,-3.684,2.388,0.172,0.116
0.052,-35.44,-14.084,-3.752,2.42,0.2,0.076
-0.636,-35.168,-14.2,-3.492,2.412,0.172,0.068
-0.212,-30.36,-12.24,-3.468,2.088,0.076,0.084
-0.372,-36.696,-14.108,-3.92,2.584,-0.212,0.156
-0.848,-36.64,-15.604,-4.516,2.804,-0.244,0.128
-0.688,-33.912,-14.388,-3.684,2.432,-0.208,0.128
-0.636,-35.384,-14.856,-4.132,2.816,-0.276,0.104
-0.584,-36.312,-14.996,-3.896,2.636,-0.14,0.084
-0.584,-36.204,-14.924,-3.612,2.88,-0.244,0.12
-1.008,-35.604,-14.832,-3.776,2.928,-0.12,0.116
-0.372,-35.496,-14.948,-3.304,2.688,0.056,-0.032
-1.008,-35.768,-14.576,-2.756,2.732,-0.056,0.012
-0.584,-34.84,-13.92,-1.996,2.388,0.356,0.0
-0.584,-35.004,-15.04,-1.732,2.532,0.26,-0.076
-0.744,-34.784,-12.916,-1.804,2.08,0.428,-0.084
-0.9,-35.384,-14.9,-0.284,2.532,-0.056,-0.052
-0.372,-35.984,-14.156,-0.876,2.268,0.252,-0.056
-0.584,-35.44,-14.48,-0.14,2.392,0.22,-0.084
2.124,-36.148,-15.744,-0.948,2.588,0.396,-0.084
1.38,-35.22,-14.48,-0.828,2.348,0.504,-0.056
-0.848,-34.456,-14.832,-0.284,2.388,0.376,-0.036
-0.476,-34.292,-14.996,-0.14,2.34,0.304,-0.076
0.688,-34.676,-14.88,-0.404,2.452,0.4,-0.12
-0.848,-34.568,-15.228,-0.14,2.44,0.244,0.004
-1.22,-33.636,-15.04,0.424,2.368,0.356,-0.064
0.956,-33.912,-15.368,-0.26,2.392,0.388,-0.084
1.008,-33.42,-15.228,0.092,2.412,0.436,-0.016
-0.212,-33.256,-15.392,0.76,2.316,0.408,-0.088
-0.052,-32.984,-15.416,0.404,2.432,0.304,-0.076
0.636,-32.984,-15.836,0.14,2.452,0.332,-0.108
-0.212,-32.436,-15.532,0.688,2.42,0.336,-0.128
-0.264,-31.508,-15.696,0.808,2.432,0.316,-0.088
0.848,-32.492,-16.14,0.544,2.556,0.304,-0.068
0.052,-30.744,-16.092,1.116,2.576,0.224,-0.052
-0.052,-30.744,-15.696,1.044,2.42,0.276,-0.012
-0.212,-30.908,-15.58,1.044,2.316,0.332,0.032
-0.104,-30.088,-16.98,1.164,2.596,0.188,0.036
0.264,-30.36,-15.252,1.116,2.268,0.344,0.036
-1.22,-29.704,-16.0,1.164,2.516,0.252,0.024
0.156,-30.088,-16.14,2.66,2.108,0.264,0.012
0.956,-29.924,-16.352,1.116,2.316,0.276,0.016
-0.636,-29.76,-16.024,2.208,2.256,0.2,0.032
-0.372,-30.144,-16.116,1.068,2.42,0.264,0.004
-0.156,-29.652,-16.048,0.712,2.4,0.276,0.0
-0.104,-29.868,-16.232,1.256,2.288,0.252,0.024
-0.688,-29.924,-16.188,1.212,2.428,0.22,0.016
-0.052,-29.868,-16.048,0.712,2.38,0.272,0.0
-0.316,-29.868,-15.976,1.28,2.336,0.232,0.012
-0.528,-29.924,-16.14,1.304,2.36,0.24,0.024
-0.372,-29.924,-16.208,0.924,2.38,0.252,0.036
-0.052,-29.868,-16.208,1.304,2.356,0.26,0.016
-0.476,-29.868,-16.092,1.256,2.376,0.252,0.024
-0.372,-29.868,-16.092,1.044,2.388,0.244,0.012
-0.156,-29.868,-16.048,1.092,2.356,0.244,0.064
-0.372,-29.868,-16.14,1.28,2.336,0.244,0.032
-0.372,-29.868,-16.068,1.236,2.324,0.26,0.052
-0.264,-29.924,-16.092,1.092,2.392,0.252,0.012
-0.264,-29.868,-16.092,1.256,2.34,0.264,0.004
-0.316,-29.868,-16.024,1.092,2.368,0.244,0.024
-0.372,-29.868,-16.116,1.236,2.34,0.224,0.012
-0.212,-29.868,-15.976,1.236,2.328,0.26,0.024
-0.316,-29.868,-16.14,1.14,2.34,0.26,0.036
-0.372,-29.868,-16.092,1.212,2.356,0.276,0.016
-0.372,-29.924,-16.188,1.164,2.368,0.252,0.0
-0.264,-29.868,-16.116,1.236,2.356,0.264,0.012
-0.264,-29.868,-16.116,1.236,2.348,0.232,0.012
-0.372,-29.924,-16.116,1.212,2.328,0.264,0.016
-0.316,-29.924,-16.28,1.164,2.356,0.264,0.012
-0.316,-29.924,-16.068,1.164,2.316,0.276,0.016
-0.316,-29.868,-16.092,1.068,2.376,0.264,0.024
-0.316,-29.924,-16.092,1.116,2.368,0.26,0.004
-0.264,-29.924,-16.188,1.092,2.376,0.264,0.016
-0.316,-29.868,-16.024,1.164,2.368,0.252,0.0
-0.264,-29.924,-16.092,1.14,2.376,0.264,0.004
-0.316,-29.924,-16.116,1.188,2.368,0.252,0.064
-0.372,-29.924,-16.116,1.188,2.308,0.252,0.052
-0.372,-29.924,-16.164,1.212,2.368,0.232,0.004
-0.316,-29.868,-15.976,1.164,2.4,0.26,0.024
-0.316,-29.868,-16.0,1.256,2.324,0.264,0.044
-0.372,-29.868,-16.092,1.188,2.376,0.24,0.036
-0.264,-29.868,-16.188,1.256,2.328,0.26,0.024
-0.372,-29.816,-16.232,1.116,2.336,0.26,0.0
-0.264,-29.868,-16.068,1.116,2.324,0.26,0.004
right_j0,right_j1,right_j2,right_j3,right_j4,right_j5,right_j6
-0.316,-29.924,-16.116,1.14,2.336,0.244,0.012
-0.372,-29.868,-16.14,1.164,2.34,0.252,0.012
-0.316,-29.924,-16.092,1.116,2.328,0.252,0.004
-0.264,-29.868,-16.068,1.14,2.324,0.252,0.024
-0.316,-29.924,-16.14,1.116,2.34,0.244,0.024
