right_j0,right_j1,right_j2,right_j3,right_j4,right_j5,right_j6
-0.372,-29.924,-16.188,1.044,2.34,0.244,0.032
-0.372,-29.924,-16.024,1.02,2.392,0.252,0.032
-0.316,-29.868,-16.092,1.164,2.316,0.252,0.036
-0.316,-29.868,-15.952,1.188,2.356,0.252,0.044
-0.372,-29.924,-15.928,1.092,2.348,0.252,0.044
-0.372,-29.924,-16.068,1.116,2.392,0.24,0.012
-0.372,-29.924,-16.068,1.212,2.368,0.26,0.012
-0.264,-29.868,-15.976,1.164,2.336,0.252,0.012
-0.372,-29.924,-16.024,1.236,2.388,0.26,0.044
-0.372,-29.868,-16.0,1.256,2.356,0.272,0.004
-0.424,-29.924,-16.0,1.212,2.336,0.276,0.016
-0.372,-29.868,-16.092,1.068,2.368,0.272,0.024
-0.316,-29.868,-16.048,1.188,2.356,0.264,0.016
-0.372,-29.924,-16.092,1.092,2.376,0.272,0.016
-0.372,-29.868,-15.952,1.212,2.328,0.264,0.032
-0.372,-29.924,-16.0,1.28,2.356,0.264,0.0
-0.372,-29.924,-16.024,1.212,2.336,0.26,0.044
-0.372,-29.924,-16.048,1.14,2.34,0.232,0.036
-0.372,-29.924,-16.0,1.068,2.328,0.264,0.004
-0.372,-29.868,-15.976,1.068,2.34,0.24,0.016
-0.372,-29.868,-16.048,1.164,2.34,0.244,0.016
-0.372,-29.868,-16.092,1.212,2.34,0.232,0.016
-0.372,-29.868,-16.28,1.164,2.34,0.24,0.032
-0.372,-29.868,-16.068,1.14,2.328,0.252,0.032
-0.848,-29.98,-16.0,0.472,2.376,0.264,0.0
-1.804,-31.016,-16.208,1.212,2.264,0.276,0.18
-1.06,-30.744,-15.952,0.568,2.308,0.252,0.116
-1.648,-31.78,-16.0,0.496,2.42,0.244,0.052
-0.528,-31.508,-15.788,0.808,2.232,0.284,0.012
-0.956,-32.108,-15.624,-0.212,2.42,0.264,0.0
-1.7,-32.764,-15.464,0.092,2.288,0.272,0.076
-0.688,-32.328,-15.672,-0.116,2.268,0.24,0.14
-1.008,-32.82,-15.768,-1.02,2.224,0.244,0.064
-1.168,-33.148,-15.72,-0.688,2.42,0.2,0.052
-1.008,-33.036,-15.136,-1.068,2.264,0.252,0.052
-1.22,-33.528,-15.344,-1.472,2.336,0.252,0.088
-1.276,-33.636,-15.416,-1.424,2.304,0.304,0.16
-0.584,-33.42,-15.204,-1.9,2.232,0.26,0.104
-1.22,-34.348,-15.3,-2.16,2.316,0.264,0.012
-1.008,-34.568,-15.204,-2.088,2.276,0.244,0.024
-0.848,-34.348,-14.364,-2.708,2.368,0.076,0.056
-1.648,-35.056,-14.436,-2.852,2.264,0.2,0.136
-1.116,-35.004,-14.084,-2.684,2.324,0.22,0.156
-0.528,-34.948,-14.48,-3.304,2.164,0.136,0.088
-1.008,-35.824,-14.856,-3.776,2.296,0.068,0.068
-1.008,-35.824,-14.108,-3.564,2.428,0.232,0.096
1.328,-32.38,-12.356,-3.28,2.036,0.344,0.096
-1.488,-37.46,-14.9,-3.612,2.532,0.168,0.096
0.476,-34.02,-14.132,-4.016,2.496,0.108,0.084
-1.22,-36.696,-14.576,-3.324,2.46,0.172,0.088
0.156,-34.404,-14.06,-3.42,2.348,0.188,0.096
-0.424,-36.204,-14.716,-3.968,2.524,0.18,0.084
-0.264,-34.84,-13.92,-3.372,2.368,0.212,0.12
-0.636,-35.824,-14.576,-3.54,2.42,0.188,0.096
0.052,-35.22,-14.176,-3.708,2.316,0.192,0.084
-0.476,-35.712,-14.552,-3.28,2.46,0.188,0.096
-0.424,-35.22,-14.316,-3.516,2.38,0.2,0.096
-0.316,-35.496,-14.388,-3.848,2.464,0.2,0.084
-0.264,-35.384,-14.34,-3.564,2.42,0.188,0.076
-0.528,-35.496,-14.388,-3.492,2.408,0.188,0.096
-0.316,-35.44,-14.272,-3.564,2.408,0.2,0.076
-0.212,-35.44,-14.316,-3.588,2.392,0.188,0.088
-0.424,-35.496,-14.364,-3.564,2.348,0.16,0.088
-0.372,-35.332,-14.456,-3.54,2.432,0.168,0.076
-0.212,-35.496,-14.296,-3.564,2.42,0.208,0.12
-0.372,-35.496,-14.436,-3.564,2.408,0.2,0.108
-0.424,-35.384,-14.248,-3.636,2.38,0.188,0.104
-0.264,-35.44,-14.388,-3.54,2.42,0.188,0.088
-0.372,-35.384,-14.364,-3.492,2.42,0.212,0.096
-0.424,-35.44,-14.412,-3.516,2.42,0.188,0.076
-0.372,-35.44,-14.272,-3.588,2.408,0.2,0.096
-0.264,-35.44,-14.388,-3.444,2.388,0.188,0.084
-0.372,-35.44,-14.316,-3.564,2.428,0.22,0.104
-0.372,-35.44,-14.296,-3.588,2.4,0.172,0.084
-0.316,-35.496,-14.436,-3.684,2.42,0.188,0.088
-0.372,-35.44,-14.316,-3.636,2.428,0.172,0.084
-0.316,-35.44,-14.412,-3.588,2.408,0.2,0.096
-0.316,-35.496,-14.364,-3.588,2.42,0.208,0.084
-0.372,-35.332,-14.296,-3.492,2.368,0.192,0.084
-0.372,-35.44,-14.34,-3.54,2.408,0.2,0.096
-0.372,-35.496,-14.364,-3.564,2.432,0.172,0.084
-0.372,-35.548,-14.34,-3.54,2.428,0.188,0.104
-0.372,-35.384,-14.364,-3.708,2.42,0.208,0.104
-0.316,-35.44,-14.364,-3.588,2.412,0.188,0.088
-0.372,-35.44,-14.364,-3.564,2.392,0.172,0.088
-0.372,-35.44,-14.316,-3.468,2.412,0.192,0.064
-0.372,-35.44,-14.34,-3.516,2.368,0.2,0.104
-0.372,-35.496,-14.388,-3.684,2.412,0.2,0.068
-0.424,-35.44,-14.364,-3.612,2.4,0.2,0.068
-0.372,-35.332,-14.296,-3.516,2.412,0.2,0.116
-0.316,-35.496,-14.364,-3.54,2.42,0.188,0.104
-0.212,-35.332,-14.2,-4.228,2.48,0.192,0.076
-0.584,-35.496,-14.412,-3.684,2.428,0.16,0.12
-0.104,-35.384,-14.272,-3.684,2.42,0.192,0.084
-0.476,-35.22,-14.316,-3.684,2.408,0.172,0.096
-0.264,-30.908,-12.144,-3.42,2.008,0.136,0.084
-0.372,-36.476,-14.436,-3.848,2.48,0.024,0.064
-0.476,-36.752,-15.812,-3.636,2.588,-0.108,0.068
-0.584,-34.184,-14.34,-3.348,2.08,0.012,0.084
-0.264,-35.332,-15.088,-3.588,2.48,0.032,0.064
-0.476,-35.876,-14.784,-3.208,2.38,0.116,0.076
-0.316,-36.148,-14.856,-3.088,2.596,0.024,0.096
-0.636,-35.66,-14.924,-2.684,2.392,0.232,0.12
-0.104,-35.168,-15.112,-2.352,2.388,0.188,-0.056
-1.06,-35.712,-14.456,-2.16,2.432,0.276,-0.024
-0.052,-35.112,-14.132,-2.16,2.34,0.212,0.036
-0.956,-35.66,-14.924,-1.66,2.444,0.14,-0.096
-0.264,-34.512,-12.8,-1.66,2.1,0.304,-0.084
-1.328,-35.548,-15.064,-0.424,2.588,-0.12,-0.084
-0.264,-36.476,-14.036,-0.852,2.252,0.416,-0.068
-0.744,-35.168,-14.76,-0.26,2.388,0.192,-0.108
1.912,-36.424,-15.508,-0.924,2.524,0.44,-0.052
1.168,-35.276,-14.552,-0.828,2.296,0.544,-0.088
-0.636,-34.512,-14.996,-0.236,2.444,0.384,-0.032
-0.796,-34.348,-14.808,0.02,2.296,0.292,-0.064
0.476,-34.784,-15.02,-0.424,2.46,0.416,-0.076
-0.956,-34.512,-15.416,0.164,2.504,0.24,-0.032
-1.276,-33.748,-14.9,0.496,2.392,0.324,-0.064
0.848,-33.8,-15.484,-0.284,2.408,0.428,-0.084
1.008,-33.42,-15.344,-0.044,2.464,0.416,-0.012
-0.212,-33.2,-15.484,0.876,2.288,0.344,-0.064
-0.104,-33.092,-15.648,0.356,2.368,0.284,-0.108
0.688,-32.872,-15.836,0.424,2.464,0.324,-0.128
-0.316,-32.436,-15.464,0.616,2.408,0.344,-0.108
-0.372,-31.892,-15.768,0.924,2.564,0.344,-0.088
0.688,-32.436,-16.14,0.664,2.548,0.292,-0.064
-0.104,-30.96,-16.14,1.068,2.576,0.22,-0.044
-0.156,-31.288,-16.328,0.972,2.48,0.276,-0.012
-0.212,-31.072,-15.836,0.948,2.328,0.316,0.004
-0.212,-30.032,-16.956,1.28,2.608,0.16,0.012
0.316,-30.308,-15.276,1.116,2.336,0.324,0.012
-0.688,-29.868,-16.188,1.352,2.492,0.24,0.0
0.372,-29.98,-16.092,2.92,2.108,0.232,-0.016
1.008,-29.98,-16.14,1.28,2.304,0.344,0.0
-0.636,-29.868,-16.048,2.564,2.252,0.212,-0.012
-0.424,-30.088,-16.116,1.212,2.376,0.252,0.0
-0.052,-29.868,-15.908,0.9,2.356,0.264,0.024
-0.264,-29.868,-16.048,1.52,2.324,0.232,-0.004
-0.796,-30.032,-16.0,1.164,2.392,0.224,0.0
-0.052,-29.924,-16.048,0.568,2.4,0.276,-0.004
-0.316,-29.868,-15.952,1.352,2.34,0.252,0.0
-0.528,-29.924,-16.188,1.376,2.348,0.232,0.012
-0.372,-29.924,-16.164,0.996,2.388,0.252,0.004
-0.104,-29.924,-16.048,1.164,2.388,0.264,0.016
-0.528,-29.868,-16.048,1.236,2.356,0.24,0.0
-0.372,-30.032,-16.048,1.068,2.368,0.252,0.044
-0.156,-29.924,-16.068,1.212,2.336,0.292,0.024
-0.372,-29.924,-16.14,1.256,2.336,0.24,0.012
-0.424,-29.868,-16.024,1.28,2.34,0.244,0.012
-0.264,-29.924,-16.0,1.092,2.368,0.24,0.024
-0.264,-30.032,-16.092,1.14,2.356,0.24,-0.004
-0.372,-29.98,-16.048,1.236,2.328,0.252,-0.004
-0.372,-29.98,-16.068,1.164,2.328,0.264,0.012
-0.212,-29.924,-16.092,1.092,2.34,0.252,-0.012
-0.372,-29.98,-15.928,1.256,2.38,0.24,0.012
-0.424,-29.924,-16.024,1.092,2.376,0.252,0.0
-0.316,-29.924,-16.092,1.14,2.336,0.252,0.024
-0.316,-29.924,-15.952,1.164,2.356,0.244,0.0
-0.316,-29.924,-16.0,1.14,2.348,0.244,0.004
-0.372,-29.924,-16.024,1.116,2.336,0.26,0.024
-0.316,-29.98,-16.092,1.164,2.388,0.252,0.0
-0.372,-29.924,-16.024,1.164,2.356,0.244,0.024
-0.372,-29.924,-16.068,1.212,2.304,0.244,0.0
-0.372,-29.924,-16.024,1.14,2.34,0.264,-0.016
-0.372,-29.924,-16.068,1.14,2.368,0.252,0.012
-0.372,-29.924,-16.024,1.256,2.34,0.22,0.0
-0.316,-29.924,-16.048,1.092,2.336,0.26,0.0
-0.372,-29.924,-16.048,1.116,2.328,0.272,0.012
-0.316,-29.924,-16.068,1.188,2.408,0.252,0.024
-0.316,-29.924,-16.024,1.188,2.328,0.252,0.004
-0.372,-29.924,-16.164,1.236,2.324,0.26,0.016
-0.316,-29.98,-16.0,1.212,2.328,0.252,-0.024
-0.372,-29.924,-15.976,1.164,2.348,0.26,0.0
