right_j0,right_j1,right_j2,right_j3,right_j4,right_j5,right_j6
-0.372,-29.868,-16.188,1.116,2.388,0.244,0.036
-0.264,-29.924,-16.048,1.116,2.412,0.24,0.004
-0.372,-29.924,-16.164,1.28,2.356,0.252,0.044
-0.372,-29.98,-16.068,1.164,2.336,0.252,0.056
-0.264,-29.868,-16.14,1.116,2.356,0.252,0.004
-0.372,-29.98,-16.024,1.188,2.356,0.24,0.012
-0.372,-29.98,-16.0,1.188,2.34,0.252,0.004
-0.372,-29.98,-16.048,1.14,2.324,0.24,0.016
-0.264,-29.924,-16.048,1.092,2.336,0.272,0.0
-0.372,-29.924,-16.068,1.188,2.336,0.232,0.032
-0.264,-29.98,-16.0,1.164,2.36,0.244,0.012
-0.316,-29.924,-16.048,1.256,2.36,0.232,-0.004
-0.316,-29.924,-16.024,1.14,2.34,0.252,-0.012
-0.264,-29.98,-16.068,1.14,2.296,0.24,0.004
-0.316,-29.924,-16.0,1.188,2.392,0.232,0.004
-0.316,-29.924,-16.048,1.164,2.308,0.252,-0.004
-0.316,-29.98,-16.0,1.256,2.348,0.244,0.032
-0.372,-29.924,-16.0,1.188,2.308,0.252,-0.016
-0.372,-29.924,-16.048,1.116,2.34,0.26,0.016
-0.316,-29.98,-15.952,1.068,2.356,0.252,0.024
-0.316,-29.924,-16.068,1.188,2.368,0.244,-0.012
-0.316,-29.924,-16.092,1.256,2.36,0.244,-0.024
-0.372,-29.924,-16.092,1.14,2.348,0.272,0.032
-0.372,-29.868,-16.048,1.116,2.356,0.24,0.016
-0.264,-29.924,-15.928,1.14,2.34,0.24,0.016
-0.264,-29.924,-16.048,0.592,2.36,0.264,0.012
-2.02,-31.564,-16.092,0.876,2.44,0.168,0.044
-1.008,-30.472,-15.464,0.496,2.264,0.2,0.14
-1.7,-31.564,-15.788,0.356,2.536,0.116,0.096
-1.648,-31.672,-15.44,0.116,2.288,0.284,0.036
-0.372,-31.016,-15.744,0.212,2.256,0.436,0.012
-1.648,-32.492,-15.508,0.068,2.108,0.368,0.056
-1.116,-32.328,-15.908,-0.38,2.304,0.276,0.104
-0.528,-32.436,-15.484,-0.404,2.236,0.376,0.096
-1.168,-33.42,-15.58,-0.496,2.264,0.208,0.056
-1.008,-32.928,-15.44,-1.212,2.48,0.088,0.044
-0.956,-33.2,-15.136,-1.116,2.268,0.2,0.056
-1.432,-34.02,-15.464,-1.52,2.236,0.192,0.128
-1.06,-33.2,-15.392,-1.732,2.38,0.208,0.148
-0.848,-34.02,-15.58,-1.924,2.164,0.356,0.068
-1.22,-34.456,-15.508,-2.472,2.46,0.304,0.032
-1.168,-34.128,-14.576,-2.328,2.34,0.128,0.024
-1.38,-35.056,-14.388,-2.448,2.256,0.096,0.108
-1.804,-35.496,-14.552,-3.136,2.316,0.108,0.128
-1.22,-34.948,-14.2,-2.852,2.276,0.116,0.12
-0.956,-35.66,-14.692,-3.304,2.232,0.208,0.076
-1.648,-35.984,-14.552,-3.752,2.44,0.12,0.056
1.86,-33.856,-14.296,-2.992,2.304,0.104,0.12
-0.796,-36.968,-14.552,-3.708,2.532,0.208,0.116
-0.212,-35.056,-14.316,-2.968,2.36,0.116,0.104
-0.264,-35.66,-14.436,-3.396,2.4,0.18,0.076
-0.156,-35.276,-14.084,-3.752,2.38,0.212,0.088
-0.424,-35.604,-14.644,-3.42,2.504,0.128,0.108
-0.528,-35.056,-14.06,-3.348,2.324,0.208,0.104
-0.052,-35.824,-14.668,-3.8,2.504,0.192,0.096
-0.424,-35.168,-14.248,-3.42,2.4,0.192,0.104
-0.476,-35.712,-14.576,-3.636,2.432,0.156,0.108
-0.212,-35.22,-14.272,-3.708,2.388,0.208,0.064
-0.264,-35.712,-14.456,-3.492,2.4,0.192,0.084
-0.584,-35.276,-14.296,-3.444,2.336,0.16,0.116
-0.212,-35.496,-14.412,-3.612,2.46,0.188,0.076
-0.264,-35.332,-14.34,-3.492,2.368,0.16,0.088
-0.424,-35.496,-14.412,-3.516,2.376,0.172,0.084
-0.372,-35.384,-14.34,-3.636,2.412,0.18,0.104
-0.212,-35.44,-14.388,-3.564,2.44,0.192,0.116
-0.372,-35.384,-14.412,-3.564,2.42,0.188,0.084
-0.424,-35.384,-14.388,-3.54,2.428,0.18,0.104
-0.372,-35.496,-14.34,-3.54,2.412,0.2,0.116
-0.316,-35.384,-14.388,-3.468,2.408,0.18,0.064
-0.424,-35.496,-14.436,-3.492,2.392,0.188,0.136
-0.372,-35.384,-14.272,-3.564,2.428,0.18,0.088
-0.316,-35.44,-14.364,-3.588,2.428,0.192,0.12
-0.372,-35.332,-14.34,-3.564,2.42,0.188,0.088
-0.372,-35.44,-14.412,-3.612,2.428,0.192,0.096
-0.372,-35.44,-14.412,-3.468,2.432,0.18,0.096
-0.424,-35.44,-14.456,-3.54,2.368,0.188,0.128
-0.424,-35.44,-14.34,-3.54,2.428,0.172,0.12
-0.372,-35.44,-14.364,-3.66,2.432,0.188,0.104
-0.372,-35.44,-14.504,-3.636,2.428,0.172,0.084
-0.372,-35.44,-14.248,-3.564,2.412,0.188,0.056
-0.372,-35.44,-14.456,-3.54,2.428,0.2,0.116
-0.372,-35.44,-14.388,-3.444,2.412,0.188,0.116
-0.372,-35.44,-14.364,-3.516,2.412,0.188,0.116
-0.316,-35.44,-14.364,-3.564,2.42,0.168,0.104
-0.424,-35.44,-14.272,-3.612,2.412,0.188,0.096
-0.372,-35.384,-14.34,-3.564,2.412,0.192,0.096
-0.372,-35.44,-14.436,-3.54,2.388,0.16,0.064
-0.372,-35.496,-14.34,-3.516,2.392,0.192,0.096
-0.372,-35.44,-14.316,-3.54,2.392,0.18,0.088
-0.316,-35.384,-14.248,-3.66,2.412,0.192,0.052
-0.424,-35.44,-14.412,-3.588,2.444,0.172,0.064
-0.316,-35.44,-14.34,-3.42,2.412,0.192,0.108
-0.372,-35.332,-14.296,-3.66,2.376,0.168,0.068
-0.372,-35.496,-14.388,-3.208,2.4,0.2,0.104
-0.372,-35.44,-14.296,-3.66,2.428,0.172,0.104
0.0,-35.44,-14.296,-3.708,2.4,0.2,0.096
-0.688,-33.092,-14.084,-4.632,2.492,0.116,0.088
-0.744,-34.568,-14.316,-4.088,2.328,0.136,0.068
-0.104,-37.896,-15.744,-3.588,2.608,0.096,0.108
-0.688,-34.512,-14.6,-3.208,2.432,0.052,0.084
-0.424,-34.676,-14.62,-3.348,2.328,0.064,0.088
-0.424,-35.548,-14.74,-3.064,2.336,0.012,0.088
-0.424,-36.588,-15.392,-3.016,2.62,0.064,0.088
-0.264,-35.276,-14.62,-2.516,2.328,0.136,0.088
-0.424,-35.768,-15.464,-2.4,2.376,0.24,-0.012
-1.06,-35.004,-14.456,-2.328,2.408,0.12,-0.012
-0.316,-35.932,-14.456,-2.088,2.4,0.22,0.024
-0.796,-35.332,-14.644,-2.02,2.412,0.416,-0.068
-0.584,-34.784,-14.832,-1.756,2.596,0.448,-0.104
-0.796,-37.516,-15.836,-1.448,2.648,-0.16,-0.068
-1.38,-35.876,-14.62,-0.972,2.532,0.192,-0.064
-0.212,-35.932,-14.34,-0.688,2.328,0.348,-0.088
1.008,-35.876,-15.696,-0.712,2.516,0.296,-0.084
2.392,-35.712,-14.6,-1.256,2.42,0.472,-0.056
0.0,-34.948,-14.456,-0.876,2.324,0.388,-0.076
-1.06,-34.568,-15.088,-0.02,2.472,0.356,-0.052
0.104,-34.676,-14.832,-0.496,2.348,0.396,-0.136
0.052,-34.456,-15.064,-0.424,2.444,0.356,-0.088
-1.592,-33.8,-15.184,0.14,2.492,0.252,-0.076
0.052,-33.912,-15.16,0.38,2.324,0.428,-0.096
1.168,-33.472,-15.44,-0.02,2.376,0.364,-0.044
0.372,-33.472,-15.44,0.212,2.368,0.384,0.0
-0.372,-33.036,-15.484,0.02,2.48,0.436,-0.104
0.156,-32.984,-15.624,0.26,2.444,0.324,-0.128
0.212,-32.764,-15.908,0.38,2.472,0.356,-0.116
-0.636,-32.544,-15.672,0.544,2.492,0.332,-0.088
-0.052,-32.164,-15.72,0.784,2.464,0.292,-0.088
0.476,-31.288,-15.276,0.616,2.408,0.296,-0.096
-0.156,-31.124,-15.836,1.044,2.556,0.224,-0.076
-0.052,-30.852,-15.648,0.9,2.428,0.292,-0.032
-0.476,-29.816,-16.492,1.092,2.536,0.16,0.044
0.264,-30.8,-15.744,0.9,2.348,0.376,0.032
-0.052,-30.144,-16.772,1.212,2.512,0.192,0.004
-5.208,-29.544,-15.112,-0.876,2.732,0.188,-0.012
1.06,-30.144,-16.208,0.38,2.42,0.332,-0.016
-1.86,-29.868,-15.72,0.544,2.48,0.188,0.016
0.584,-29.924,-16.024,0.116,2.412,0.292,0.0
-0.636,-29.868,-15.952,1.684,2.34,0.232,0.016
-0.528,-30.088,-16.0,1.28,2.408,0.224,0.0
-0.156,-29.868,-15.908,0.828,2.348,0.252,0.044
-0.104,-29.924,-16.024,1.496,2.336,0.26,0.0
-0.688,-29.98,-16.0,1.616,2.392,0.22,0.012
-0.104,-29.868,-16.024,0.712,2.356,0.252,0.016
-0.156,-29.924,-16.092,1.188,2.304,0.276,0.0
-0.424,-29.98,-16.0,1.376,2.34,0.224,0.024
-0.372,-29.924,-16.092,1.02,2.4,0.252,0.0
-0.052,-29.924,-15.884,1.116,2.324,0.26,0.004
-0.424,-29.924,-15.952,1.4,2.34,0.244,0.016
-0.372,-29.924,-15.952,0.996,2.36,0.252,0.032
-0.212,-29.924,-16.024,0.972,2.368,0.252,0.012
-0.316,-29.924,-15.952,1.14,2.336,0.244,0.012
-0.476,-29.924,-15.952,1.256,2.34,0.232,0.032
-0.264,-29.924,-16.024,1.044,2.36,0.26,0.032
-0.316,-29.924,-16.092,1.188,2.324,0.244,-0.004
-0.372,-29.868,-15.908,1.116,2.336,0.252,0.036
-0.316,-29.98,-15.976,1.02,2.38,0.26,0.032
-0.372,-29.924,-16.068,1.14,2.336,0.244,-0.012
-0.264,-29.924,-15.952,1.188,2.356,0.224,-0.012
-0.372,-29.98,-16.0,1.116,2.36,0.26,0.004
-0.264,-29.868,-15.928,1.256,2.324,0.232,0.016
-0.372,-29.868,-16.048,1.256,2.34,0.26,0.012
-0.372,-29.924,-16.048,1.236,2.376,0.244,0.0
-0.316,-29.924,-16.048,1.116,2.36,0.272,0.016
-0.372,-29.924,-15.908,1.164,2.356,0.244,0.068
-0.264,-29.924,-16.14,1.14,2.376,0.264,-0.012
-0.316,-29.868,-16.092,1.14,2.368,0.232,0.032
-0.316,-29.924,-15.976,1.116,2.336,0.264,0.024
-0.316,-29.924,-16.0,1.068,2.356,0.244,0.004
-0.372,-29.868,-16.068,1.28,2.316,0.252,0.052
-0.264,-29.924,-15.952,1.068,2.376,0.244,-0.004
-0.264,-29.868,-16.068,1.068,2.34,0.244,0.0
-0.316,-29.868,-15.952,1.092,2.356,0.244,0.032
-0.372,-29.924,-16.116,1.092,2.36,0.232,0.024
