right_j0,right_j1,right_j2,right_j3,right_j4,right_j5,right_j6
-0.264,-29.924,-16.0,0.996,2.356,0.244,-0.004
-0.316,-29.924,-15.836,1.164,2.356,0.252,0.016
-0.316,-29.924,-15.908,1.164,2.356,0.264,0.024
-0.316,-29.924,-16.024,1.188,2.328,0.252,0.0
-0.264,-29.868,-15.976,1.256,2.388,0.26,-0.004
-0.372,-29.924,-16.024,1.02,2.392,0.244,0.016
-0.264,-29.868,-15.952,1.164,2.34,0.252,0.012
-0.316,-29.924,-16.048,1.116,2.36,0.252,0.0
-0.316,-29.924,-15.952,1.188,2.348,0.24,-0.032
-0.372,-29.924,-16.024,1.116,2.328,0.26,0.024
-0.372,-29.924,-16.048,1.164,2.36,0.244,0.024
-0.264,-29.924,-16.0,1.116,2.348,0.244,0.004
-0.264,-29.868,-16.0,1.068,2.356,0.26,0.016
-0.372,-29.868,-15.976,1.14,2.356,0.232,0.044
-0.212,-29.924,-16.0,1.092,2.34,0.24,0.004
-0.316,-29.924,-16.048,1.116,2.34,0.244,0.032
-0.264,-29.924,-16.048,1.14,2.328,0.244,0.012
-0.316,-29.924,-16.048,1.092,2.38,0.244,0.016
-0.372,-29.924,-16.14,1.14,2.408,0.26,0.004
-0.372,-29.924,-16.048,1.188,2.356,0.244,0.016
-0.372,-29.924,-15.928,1.068,2.36,0.252,0.064
-0.372,-29.98,-15.884,1.116,2.376,0.252,0.044
-0.372,-29.924,-16.0,1.116,2.356,0.26,0.044
-1.54,-30.032,-15.952,0.784,2.4,0.224,0.032
-1.804,-31.508,-16.372,0.828,2.268,0.344,0.18
-1.488,-30.908,-15.908,0.472,2.244,0.16,0.128
-1.804,-32.056,-15.768,0.568,2.452,0.284,0.044
-0.584,-31.564,-15.416,0.784,2.348,0.304,0.024
-1.008,-32.0,-15.672,-0.308,2.408,0.172,0.004
-1.648,-32.872,-15.344,0.116,2.304,0.26,0.096
-0.744,-32.216,-15.788,-0.424,2.264,0.344,0.104
-0.9,-32.82,-15.72,-1.116,2.148,0.26,0.12
-1.38,-32.928,-15.744,-0.688,2.348,0.168,0.068
-1.116,-32.764,-15.204,-0.972,2.236,0.312,0.044
-1.38,-34.02,-15.276,-1.496,2.284,0.332,0.068
-1.22,-33.912,-15.324,-1.424,2.348,0.208,0.172
-0.636,-33.42,-15.252,-1.876,2.204,0.26,0.076
-1.168,-34.568,-15.16,-2.112,2.368,0.22,0.0
-1.008,-34.404,-15.184,-2.16,2.34,0.14,0.032
-0.848,-34.512,-14.272,-2.756,2.308,0.032,0.064
-1.7,-35.112,-14.668,-2.804,2.236,0.148,0.16
-1.168,-35.112,-14.156,-2.732,2.328,0.212,0.14
-0.636,-35.332,-14.412,-3.372,2.184,0.2,0.056
-1.06,-35.984,-15.02,-3.564,2.34,0.136,0.084
-1.06,-35.876,-14.248,-3.684,2.328,0.2,0.064
1.008,-31.836,-12.66,-4.324,2.264,0.168,0.096
-1.648,-36.916,-14.716,-3.752,2.532,0.316,0.096
0.528,-34.128,-14.036,-4.228,2.548,0.16,0.096
-1.168,-36.312,-14.88,-3.16,2.46,0.172,0.084
0.104,-34.728,-14.016,-3.468,2.34,0.232,0.064
-0.372,-35.824,-14.62,-3.8,2.504,0.188,0.088
-0.156,-35.056,-14.224,-3.42,2.34,0.208,0.096
-0.636,-35.604,-14.528,-3.324,2.444,0.188,0.12
-0.052,-35.276,-14.296,-3.66,2.376,0.208,0.088
-0.424,-35.604,-14.34,-3.492,2.42,0.188,0.128
-0.476,-35.276,-14.34,-3.42,2.4,0.192,0.084
-0.316,-35.384,-14.388,-3.728,2.444,0.18,0.088
-0.212,-35.332,-14.48,-3.468,2.392,0.208,0.096
-0.476,-35.384,-14.296,-3.42,2.388,0.192,0.12
-0.316,-35.44,-14.34,-3.66,2.428,0.192,0.12
-0.212,-35.44,-14.388,-3.54,2.412,0.192,0.088
-0.476,-35.44,-14.528,-3.468,2.412,0.188,0.096
-0.424,-35.276,-14.316,-3.54,2.412,0.18,0.116
-0.212,-35.384,-14.388,-3.636,2.412,0.18,0.104
-0.316,-35.44,-14.412,-3.636,2.38,0.18,0.128
-0.424,-35.332,-14.248,-3.54,2.38,0.172,0.096
-0.264,-35.496,-14.316,-3.636,2.408,0.188,0.108
-0.264,-35.496,-14.436,-3.728,2.408,0.18,0.104
-0.372,-35.44,-14.316,-3.588,2.388,0.188,0.096
-0.372,-35.384,-14.388,-3.564,2.412,0.192,0.108
-0.264,-35.332,-14.316,-3.588,2.408,0.208,0.12
-0.372,-35.384,-14.272,-3.564,2.452,0.172,0.088
-0.372,-35.332,-14.296,-3.564,2.428,0.192,0.076
-0.372,-35.44,-14.388,-3.588,2.428,0.172,0.108
-0.264,-35.44,-14.436,-3.492,2.4,0.22,0.116
-0.372,-35.332,-14.34,-3.612,2.4,0.188,0.088
-0.316,-35.384,-14.34,-3.564,2.42,0.18,0.104
-0.372,-35.44,-14.456,-3.588,2.42,0.18,0.108
-0.372,-35.44,-14.34,-3.492,2.44,0.2,0.108
-0.316,-35.384,-14.436,-3.516,2.42,0.192,0.088
-0.372,-35.384,-14.412,-3.54,2.42,0.172,0.12
-0.372,-35.384,-14.316,-3.468,2.432,0.188,0.096
-0.264,-35.384,-14.34,-3.444,2.44,0.188,0.104
-0.372,-35.44,-14.412,-3.468,2.432,0.192,0.136
-0.372,-35.44,-14.34,-3.636,2.388,0.172,0.064
-0.372,-35.384,-14.412,-3.54,2.38,0.188,0.096
-0.372,-35.496,-14.412,-3.516,2.42,0.192,0.104
-0.372,-35.384,-14.436,-3.776,2.452,0.188,0.088
-0.372,-35.332,-14.248,-3.492,2.408,0.208,0.084
-0.372,-35.332,-14.412,-3.468,2.408,0.2,0.052
-0.104,-35.332,-14.296,-4.228,2.472,0.16,0.096
-0.688,-35.44,-14.48,-3.588,2.428,0.18,0.088
-0.104,-35.44,-14.272,-3.752,2.408,0.208,0.104
-0.584,-35.004,-14.248,-3.728,2.42,0.18,0.084
-0.212,-30.852,-12.892,-3.468,2.076,0.084,0.084
-0.372,-36.424,-14.176,-3.848,2.412,0.096,0.104
-0.476,-36.64,-15.228,-3.324,2.472,-0.024,0.096
-0.584,-34.24,-14.248,-3.208,2.12,0.016,0.088
-0.264,-35.332,-14.948,-3.612,2.42,-0.032,0.096
-0.584,-36.26,-14.716,-3.064,2.412,0.108,0.088
-0.212,-35.984,-14.784,-3.04,2.544,0.032,0.076
-0.688,-35.768,-15.04,-2.66,2.412,0.188,0.088
0.0,-35.168,-14.996,-2.208,2.296,0.24,-0.036
-1.22,-35.66,-14.456,-2.492,2.516,0.208,0.024
-0.156,-35.22,-14.132,-2.088,2.328,0.344,-0.016
-1.008,-35.22,-14.9,-1.732,2.532,0.2,-0.096
-0.316,-35.168,-13.172,-2.044,2.024,0.296,-0.056
-1.432,-35.876,-15.16,-0.092,2.584,0.064,-0.096
0.0,-36.476,-14.504,-0.9,2.216,0.224,-0.076
-0.796,-35.332,-14.316,-0.116,2.328,0.252,-0.104
2.072,-35.876,-15.768,-0.948,2.536,0.396,-0.096
1.22,-35.44,-14.576,-0.9,2.288,0.52,-0.052
-0.956,-34.728,-14.74,-0.212,2.392,0.408,-0.068
-0.424,-34.348,-15.088,-0.212,2.36,0.296,-0.056
0.528,-34.784,-14.808,-0.38,2.46,0.396,-0.148
-0.956,-34.568,-15.392,-0.02,2.524,0.208,-0.012
-1.116,-33.8,-14.924,0.356,2.4,0.316,-0.096
0.956,-34.076,-15.368,-0.308,2.408,0.356,-0.088
0.956,-33.42,-15.532,0.26,2.368,0.436,-0.032
-0.212,-33.312,-15.532,0.828,2.284,0.396,-0.052
-0.052,-33.092,-15.624,0.332,2.412,0.324,-0.116
0.848,-32.872,-15.648,0.14,2.376,0.336,-0.128
-0.264,-32.764,-15.696,0.616,2.452,0.332,-0.136
-0.212,-31.672,-15.672,0.852,2.4,0.316,-0.128
0.796,-32.328,-16.188,0.616,2.604,0.304,-0.044
-0.104,-31.288,-16.116,0.972,2.536,0.252,-0.064
-0.052,-30.852,-16.232,0.972,2.512,0.264,-0.016
-0.372,-31.124,-15.836,0.808,2.264,0.356,0.0
0.052,-29.98,-16.772,1.212,2.688,0.12,0.024
0.264,-30.524,-15.344,1.068,2.256,0.344,0.012
-1.912,-29.596,-16.024,1.116,2.548,0.18,0.016
0.264,-30.144,-15.884,2.684,2.2,0.24,-0.004
0.956,-29.924,-16.208,1.092,2.368,0.292,-0.032
-0.528,-29.76,-15.86,2.208,2.216,0.22,0.0
-0.372,-30.144,-16.164,1.352,2.408,0.252,0.024
-0.104,-29.76,-15.952,0.616,2.388,0.264,0.0
-0.156,-29.924,-16.164,1.14,2.336,0.264,0.024
-0.796,-30.088,-15.976,1.328,2.408,0.224,0.0
-0.052,-29.868,-15.976,0.712,2.356,0.252,0.036
-0.264,-29.868,-16.0,1.236,2.348,0.232,0.012
-0.424,-29.98,-16.048,1.448,2.348,0.232,0.012
-0.372,-29.924,-16.14,1.164,2.36,0.24,0.0
-0.104,-29.924,-16.068,1.02,2.324,0.264,0.004
-0.424,-29.868,-16.048,1.236,2.324,0.22,0.0
-0.424,-29.924,-16.0,1.256,2.388,0.26,0.004
-0.156,-29.924,-16.092,1.092,2.34,0.284,0.012
-0.316,-29.98,-16.068,1.256,2.34,0.26,-0.004
-0.372,-29.868,-15.908,1.164,2.36,0.232,0.004
-0.212,-29.924,-16.116,1.236,2.348,0.252,0.004
-0.264,-29.924,-15.976,1.236,2.376,0.244,0.036
-0.372,-29.924,-16.0,1.188,2.376,0.244,0.036
-0.264,-29.924,-15.952,1.236,2.348,0.24,0.032
-0.264,-29.924,-16.048,1.256,2.348,0.232,-0.004
-0.316,-29.924,-16.0,1.236,2.34,0.244,0.016
-0.372,-29.98,-16.116,1.116,2.368,0.244,0.032
-0.316,-29.924,-16.092,1.092,2.324,0.252,0.004
-0.264,-29.924,-16.048,1.212,2.36,0.244,0.016
-0.372,-29.924,-16.048,0.996,2.336,0.252,0.004
-0.264,-29.924,-16.068,1.188,2.356,0.24,0.004
-0.264,-29.924,-16.0,1.14,2.368,0.26,0.0
-0.372,-29.924,-16.068,1.044,2.348,0.244,0.004
-0.316,-29.924,-16.068,1.092,2.36,0.264,0.012
-0.372,-29.924,-15.976,1.212,2.376,0.244,0.0
-0.316,-29.924,-16.092,1.116,2.376,0.244,-0.004
-0.316,-29.924,-15.952,1.116,2.324,0.264,0.0
-0.264,-29.924,-16.0,1.28,2.336,0.26,0.012
-0.264,-29.924,-16.024,1.256,2.348,0.24,0.0
-0.372,-29.868,-16.116,1.188,2.368,0.244,0.036
-0.264,-29.868,-16.048,1.188,2.36,0.252,0.016
-0.264,-29.924,-15.952,1.116,2.34,0.244,0.004
-0.264,-29.868,-16.14,1.212,2.36,0.244,0.004
-0.372,-29.924,-16.0,1.116,2.328,0.252,0.0
-0.316,-29.924,-15.976,1.116,2.356,0.24,0.016
-0.264,-29.924,-16.068,1.164,2.324,0.244,0.044
-0.264,-29.924,-16.048,1.044,2.316,0.264,0.004
-0.372,-29.924,-16.164,1.14,2.336,0.26,-0.016
-0.316,-29.924,-16.0,1.212,2.376,0.26,-0.024
-0.316,-29.924,-16.092,1.02,2.34,0.244,0.024
-0.316,-29.924,-15.908,1.188,2.356,0.24,0.024
