right_j0,right_j1,right_j2,right_j3,right_j4,right_j5,right_j6
-0.264,-29.868,-16.116,1.116,2.38,0.252,0.056
-0.264,-29.868,-16.068,1.164,2.324,0.26,0.044
-0.372,-29.924,-16.024,1.188,2.368,0.252,0.024
-0.316,-29.868,-16.092,1.188,2.348,0.276,0.024
-0.316,-29.924,-16.14,1.044,2.36,0.272,0.024
-0.372,-29.868,-16.164,1.164,2.316,0.232,0.056
-0.264,-29.868,-15.976,1.256,2.356,0.276,0.032
-0.316,-29.924,-16.208,1.212,2.368,0.264,0.016
-0.316,-29.868,-16.164,1.02,2.36,0.252,0.024
-0.316,-29.868,-16.116,1.092,2.368,0.264,0.004
-0.372,-29.868,-16.164,1.164,2.368,0.244,0.032
-0.372,-29.924,-16.068,1.236,2.336,0.252,0.024
-0.264,-29.868,-16.092,1.256,2.356,0.24,0.024
-0.264,-29.868,-16.092,1.068,2.36,0.252,0.012
-0.316,-29.868,-16.14,1.068,2.34,0.272,0.044
-0.372,-29.868,-16.092,1.188,2.328,0.264,0.024
-0.316,-29.868,-16.048,1.092,2.34,0.264,0.004
-0.372,-29.868,-16.116,1.14,2.356,0.232,0.044
-0.372,-29.924,-16.048,1.116,2.356,0.26,0.024
-0.264,-29.868,-16.0,1.188,2.324,0.24,0.052
-0.316,-29.868,-16.092,1.044,2.368,0.264,0.044
-0.264,-29.868,-16.14,1.14,2.392,0.24,0.032
-0.264,-29.924,-16.116,1.14,2.34,0.252,0.052
-0.372,-29.816,-16.048,1.236,2.368,0.24,0.032
-0.316,-29.868,-16.14,0.784,2.392,0.252,0.068
-2.232,-30.524,-16.092,0.924,2.444,0.172,0.076
-1.06,-30.688,-15.532,0.404,2.236,0.296,0.168
-1.592,-31.452,-15.952,0.308,2.336,0.244,0.128
-2.02,-31.892,-15.508,-0.948,2.744,0.168,0.068
-0.264,-31.672,-15.884,-0.212,2.544,0.264,-0.024
-1.86,-33.036,-15.648,-0.544,2.336,0.316,0.036
-1.168,-32.38,-16.14,-0.784,2.524,0.18,0.188
-0.636,-32.708,-15.416,-0.736,2.348,0.316,0.128
-1.008,-33.42,-15.768,-1.14,2.444,0.104,0.068
-1.116,-32.928,-15.464,-1.52,2.564,0.136,0.032
-1.116,-33.256,-15.368,-1.256,2.48,0.232,0.076
-1.488,-34.292,-15.464,-1.924,2.4,0.096,0.128
-1.116,-33.748,-15.604,-2.256,2.464,0.16,0.148
-0.744,-34.128,-15.532,-1.948,2.356,0.212,0.052
-1.168,-34.784,-15.508,-2.708,2.536,0.264,0.056
-1.06,-34.292,-14.76,-2.78,2.44,-0.004,0.044
-0.956,-34.84,-14.48,-2.732,2.492,0.0,0.084
-1.648,-35.332,-14.74,-3.444,2.44,0.096,0.156
-1.06,-35.056,-14.34,-3.16,2.44,0.064,0.136
-1.008,-35.932,-14.808,-3.54,2.388,0.12,0.056
-1.488,-36.04,-14.528,-3.992,2.66,0.052,0.076
1.592,-33.748,-14.504,-3.396,2.4,0.076,0.12
-0.956,-36.096,-14.34,-3.968,2.596,0.212,0.076
-0.848,-35.276,-14.34,-3.112,2.36,0.192,0.084
0.0,-35.44,-14.48,-3.54,2.348,0.212,0.128
-0.212,-35.44,-14.156,-3.872,2.42,0.212,0.104
-0.372,-35.496,-14.48,-3.16,2.412,0.208,0.088
-0.424,-35.384,-14.34,-3.42,2.388,0.168,0.12
0.0,-35.548,-14.296,-3.872,2.4,0.224,0.084
-0.584,-35.332,-14.316,-3.348,2.392,0.2,0.12
-0.424,-35.332,-14.364,-3.66,2.46,0.208,0.096
-0.264,-35.332,-14.248,-3.776,2.42,0.192,0.084
-0.316,-35.384,-14.388,-3.444,2.368,0.172,0.088
-0.584,-35.44,-14.296,-3.372,2.42,0.172,0.096
-0.212,-35.384,-14.34,-3.896,2.428,0.208,0.096
-0.264,-35.384,-14.388,-3.54,2.428,0.208,0.084
-0.424,-35.44,-14.364,-3.372,2.428,0.192,0.076
-0.316,-35.384,-14.272,-3.848,2.412,0.192,0.084
-0.264,-35.44,-14.364,-3.564,2.408,0.192,0.116
-0.476,-35.44,-14.364,-3.468,2.376,0.18,0.076
-0.372,-35.332,-14.388,-3.8,2.46,0.172,0.088
-0.316,-35.332,-14.34,-3.684,2.408,0.192,0.076
-0.424,-35.44,-14.34,-3.372,2.392,0.2,0.088
-0.424,-35.332,-14.34,-3.776,2.392,0.212,0.096
-0.372,-35.384,-14.364,-3.66,2.388,0.208,0.104
-0.316,-35.384,-14.412,-3.612,2.44,0.192,0.096
-0.316,-35.384,-14.272,-3.708,2.412,0.192,0.12
-0.372,-35.44,-14.296,-3.588,2.42,0.2,0.084
-0.372,-35.384,-14.412,-3.588,2.4,0.188,0.12
-0.372,-35.332,-14.364,-3.54,2.412,0.188,0.104
-0.372,-35.384,-14.296,-3.612,2.42,0.192,0.088
-0.372,-35.384,-14.388,-3.54,2.42,0.188,0.068
-0.372,-35.44,-14.412,-3.66,2.432,0.192,0.076
-0.372,-35.384,-14.364,-3.728,2.412,0.2,0.14
-0.372,-35.44,-14.272,-3.636,2.428,0.2,0.088
-0.372,-35.384,-14.436,-3.636,2.392,0.192,0.084
-0.372,-35.44,-14.364,-3.612,2.408,0.18,0.076
-0.316,-35.384,-14.316,-3.516,2.42,0.2,0.068
-0.372,-35.44,-14.364,-3.728,2.452,0.168,0.096
-0.372,-35.44,-14.272,-3.564,2.4,0.188,0.096
-0.372,-35.332,-14.248,-3.492,2.408,0.208,0.076
-0.372,-35.44,-14.34,-3.588,2.408,0.188,0.096
-0.316,-35.44,-14.272,-3.612,2.428,0.188,0.104
-0.372,-35.332,-14.34,-3.66,2.428,0.212,0.108
-0.476,-35.332,-14.296,-3.66,2.432,0.188,0.056
-0.316,-35.44,-14.34,-3.612,2.412,0.172,0.084
-0.372,-35.276,-14.272,-3.848,2.392,0.212,0.116
-0.424,-35.384,-14.316,-3.256,2.388,0.192,0.108
-1.22,-35.44,-14.2,-3.468,2.42,0.156,0.076
0.0,-35.44,-14.2,-3.708,2.42,0.22,0.104
-0.796,-33.748,-14.34,-4.468,2.516,0.128,0.108
-0.424,-34.784,-13.992,-4.396,2.532,-0.088,0.128
-0.316,-38.008,-15.58,-4.088,2.796,-0.076,0.14
-0.528,-35.112,-14.668,-3.708,2.7,-0.16,0.116
-0.636,-34.676,-14.644,-3.372,2.496,-0.108,0.128
-0.372,-35.384,-14.62,-3.944,2.692,-0.192,0.156
-0.688,-36.696,-15.484,-4.04,2.776,-0.096,0.096
-0.264,-35.44,-14.62,-3.444,2.66,-0.064,0.068
-0.796,-35.984,-15.392,-3.824,2.816,0.044,0.012
-0.956,-35.332,-14.436,-3.04,2.688,-0.004,-0.004
-0.212,-36.424,-14.692,-1.828,2.388,0.192,-0.012
-0.688,-35.22,-14.412,-1.924,2.356,0.324,-0.044
-0.584,-34.84,-14.716,-1.66,2.564,0.364,-0.068
-0.796,-37.188,-15.86,-1.4,2.752,-0.192,-0.088
-1.432,-36.312,-14.6,-0.876,2.556,0.26,-0.056
-0.156,-35.932,-14.412,-0.924,2.304,0.312,-0.036
1.008,-35.384,-15.672,-0.972,2.472,0.296,-0.068
1.7,-35.712,-14.296,-1.448,2.36,0.556,-0.036
0.212,-34.784,-14.808,-0.876,2.452,0.368,-0.096
-1.06,-34.84,-14.9,0.044,2.42,0.348,-0.096
0.0,-34.568,-14.856,-0.496,2.304,0.4,-0.096
0.052,-34.404,-15.04,-0.332,2.464,0.388,-0.068
-1.648,-33.692,-15.228,0.212,2.444,0.292,-0.068
0.0,-33.856,-15.252,0.116,2.324,0.4,-0.084
1.22,-33.528,-15.368,0.02,2.368,0.384,-0.056
0.424,-33.148,-15.184,0.212,2.38,0.388,-0.056
-0.424,-32.984,-15.484,0.116,2.484,0.42,-0.108
0.156,-32.984,-15.532,0.52,2.464,0.368,-0.148
0.156,-32.544,-15.604,0.332,2.44,0.344,-0.108
-0.476,-32.492,-15.812,0.496,2.504,0.344,-0.12
0.0,-32.216,-15.768,0.736,2.496,0.332,-0.096
0.476,-31.236,-15.324,0.448,2.392,0.332,-0.068
0.0,-31.072,-15.952,0.972,2.524,0.22,-0.044
-0.052,-31.072,-15.86,0.876,2.516,0.316,-0.032
-0.476,-29.76,-16.352,1.02,2.568,0.188,0.004
0.316,-30.416,-15.884,0.948,2.38,0.356,0.032
-0.052,-30.196,-16.748,1.14,2.452,0.22,0.012
-5.368,-29.544,-15.136,-0.9,2.72,0.212,0.004
0.796,-29.924,-16.188,0.404,2.452,0.344,-0.004
-1.804,-29.98,-15.836,0.496,2.452,0.188,0.016
0.528,-29.868,-16.14,0.236,2.4,0.324,0.012
-0.476,-29.924,-16.0,1.756,2.336,0.224,0.016
-0.584,-30.088,-16.256,1.28,2.412,0.224,0.012
-0.052,-29.868,-16.048,0.64,2.428,0.264,0.012
-0.156,-29.924,-16.068,1.64,2.316,0.26,0.044
-0.584,-29.924,-16.14,1.4,2.36,0.212,0.036
-0.212,-29.868,-16.116,0.828,2.376,0.244,0.036
-0.212,-29.924,-16.232,1.212,2.36,0.252,0.036
-0.372,-29.924,-16.048,1.188,2.376,0.244,0.052
-0.372,-29.924,-16.164,0.972,2.392,0.26,-0.004
-0.156,-29.868,-16.14,1.188,2.348,0.264,0.032
-0.424,-29.924,-15.976,1.304,2.36,0.24,0.044
-0.372,-29.924,-16.092,0.972,2.4,0.24,0.024
-0.212,-29.924,-16.092,1.068,2.336,0.252,0.044
-0.264,-29.924,-16.116,1.14,2.308,0.264,0.004
-0.372,-29.924,-16.208,1.14,2.356,0.232,0.016
-0.264,-29.924,-16.068,1.164,2.324,0.26,0.016
-0.316,-29.868,-16.048,1.044,2.356,0.252,-0.004
-0.372,-29.924,-16.068,1.14,2.368,0.252,0.004
-0.316,-29.868,-16.048,1.164,2.36,0.232,0.024
-0.316,-29.924,-16.024,1.092,2.348,0.26,0.024
-0.264,-29.98,-16.14,1.02,2.356,0.264,0.056
-0.372,-29.868,-16.116,1.164,2.376,0.244,0.032
-0.372,-29.868,-16.188,1.14,2.368,0.244,-0.004
-0.264,-29.868,-16.024,1.256,2.308,0.252,0.052
-0.372,-29.98,-16.116,1.188,2.38,0.264,0.024
-0.316,-29.924,-16.024,1.188,2.348,0.252,0.032
-0.372,-29.924,-16.092,1.212,2.368,0.26,0.016
-0.316,-29.868,-16.188,1.092,2.328,0.26,0.044
